196 1
0 1 5 0.4751150000 0 6.8419200000 1.1154200000 -1 -1 -1 -1 -1 6.4300100000 0.9165290000 6.6057400000 1.4771800000 7.1311900000 1.4975700000 7.2485900000 0.9838230000 6.7723200000 0.6627530000
1 1 7 1.1951200000 0 5.2331800000 1.1386300000 -1 -1 -1 -1 -1 -1 -1 5.3783500000 1.7189700000 5.8043100000 1.4798400000 5.9455400000 0.8938730000 5.7390700000 0.6438640000 4.7453700000 0.6831240000 4.4687000000 1.1110900000 4.6998800000 1.5410700000
2 1 5 0.4832970000 0 6.2004900000 1.3006500000 -1 -1 -1 -1 -1 6.6057400000 1.4771800000 6.4300100000 0.9165290000 5.9455400000 0.8938730000 5.8043100000 1.4798400000 6.2511700000 1.7650000000
3 1 7 1.1730500000 0 7.8442800000 1.3144900000 -1 -1 -1 -1 -1 -1 -1 7.3764900000 1.8139000000 8.4272700000 1.7179800000 8.6156500000 1.3822700000 8.4046900000 0.9391680000 7.5735700000 0.7612810000 7.2485900000 0.9838230000 7.1311900000 1.4975700000
4 1 5 0.5369040000 0 3.5840000000 1.3571400000 -1 -1 -1 -1 -1 3.6546000000 0.8737990000 3.1518800000 1.2090800000 3.2825200000 1.7526400000 3.8065900000 1.7686900000 4.0285600000 1.1662800000
5 1 7 0.6537250000 0 2.7812400000 1.5063000000 -1 -1 -1 -1 -1 -1 -1 3.1518800000 1.2090800000 2.8425400000 1.0569900000 2.2700600000 1.2661400000 2.2133900000 1.4019200000 2.4823700000 1.8436200000 3.1334900000 1.9270200000 3.2825200000 1.7526400000
6 1 6 0.5922380000 0 4.2529300000 1.5903500000 -1 -1 -1 -1 -1 -1 4.0702600000 2.0758100000 4.4959500000 1.9691800000 4.6998800000 1.5410700000 4.4687000000 1.1110900000 4.0285600000 1.1662800000 3.8065900000 1.7686900000
7 1 6 0.5991020000 0 8.9085800000 1.7955600000 -1 -1 -1 -1 -1 -1 8.4272700000 1.7179800000 8.8163500000 2.3019300000 9.1362100000 2.2573100000 9.3607400000 1.7252200000 9.1530600000 1.3867000000 8.6156500000 1.3822700000
8 1 5 0.4362850000 0 4.9509300000 1.9047900000 -1 -1 -1 -1 -1 5.3783500000 1.7189700000 4.6998800000 1.5410700000 4.4959500000 1.9691800000 4.8820500000 2.2940000000 5.3796100000 2.0451300000
9 1 6 0.5381340000 0 5.8136900000 1.9224700000 -1 -1 -1 -1 -1 -1 5.3783500000 1.7189700000 5.3796100000 2.0451300000 5.7317000000 2.3436800000 6.2054200000 2.2096100000 6.2511700000 1.7650000000 5.8043100000 1.4798400000
10 1 7 0.9080270000 0 6.7709200000 1.9755500000 -1 -1 -1 -1 -1 -1 -1 7.1504700000 2.3907900000 7.3764900000 1.8139000000 7.1311900000 1.4975700000 6.6057400000 1.4771800000 6.2511700000 1.7650000000 6.2054200000 2.2096100000 6.4815600000 2.5005400000
11 1 5 0.5139220000 0 9.5959500000 2.0929100000 -1 -1 -1 -1 -1 9.9239000000 1.7343400000 9.3607400000 1.7252200000 9.1362100000 2.2573100000 9.4942200000 2.5582800000 10.0649000000 2.1665300000
12 1 7 0.6808090000 0 3.6188200000 2.2012500000 -1 -1 -1 -1 -1 -1 -1 3.2697100000 2.4847900000 3.7824800000 2.7373200000 3.9915800000 2.6224700000 4.0702600000 2.0758100000 3.8065900000 1.7686900000 3.2825200000 1.7526400000 3.1334900000 1.9270200000
13 1 6 1.4483300000 0 7.9807000000 2.2997300000 -1 -1 -1 -1 -1 -1 7.1504700000 2.3907900000 7.6100800000 2.8948600000 8.5615200000 2.7788800000 8.8163500000 2.3019300000 8.4272700000 1.7179800000 7.3764900000 1.8139000000
14 1 6 0.7315340000 0 2.7563800000 2.3227600000 -1 -1 -1 -1 -1 -1 3.1334900000 1.9270200000 2.4823700000 1.8436200000 2.2631500000 2.1655800000 2.4280700000 2.7276600000 2.7738000000 2.8703700000 3.2697100000 2.4847900000
15 1 6 0.6089170000 0 4.4540000000 2.4323000000 -1 -1 -1 -1 -1 -1 4.9066900000 2.6621200000 4.8820500000 2.2940000000 4.4959500000 1.9691800000 4.0702600000 2.0758100000 3.9915800000 2.6224700000 4.6158200000 2.9134800000
16 1 5 0.4245770000 0 5.2935100000 2.4345800000 -1 -1 -1 -1 -1 4.9066900000 2.6621200000 5.5259100000 2.7884800000 5.7317000000 2.3436800000 5.3796100000 2.0451300000 4.8820500000 2.2940000000
17 1 5 0.4540500000 0 2.0263000000 2.5428200000 -1 -1 -1 -1 -1 1.6320200000 2.6906800000 1.9947400000 2.9806600000 2.4280700000 2.7276600000 2.2631500000 2.1655800000 1.7722000000 2.1790100000
18 1 6 0.5698340000 0 5.9965400000 2.6635700000 -1 -1 -1 -1 -1 -1 5.7317000000 2.3436800000 5.5259100000 2.7884800000 5.6461900000 3.0387000000 6.1956200000 3.0741000000 6.4815600000 2.5005400000 6.2054200000 2.2096100000
19 1 6 0.5958020000 0 9.9572000000 2.6663000000 -1 -1 -1 -1 -1 -1 9.5056300000 2.9325700000 10.0562000000 3.1373000000 10.3941000000 2.8008500000 10.2866000000 2.2532200000 10.0649000000 2.1665300000 9.4942200000 2.5582800000
20 1 7 0.6829870000 0 9.0379000000 2.7630100000 -1 -1 -1 -1 -1 -1 -1 8.9987100000 3.2912100000 9.5056300000 2.9325700000 9.4942200000 2.5582800000 9.1362100000 2.2573100000 8.8163500000 2.3019300000 8.5615200000 2.7788800000 8.7185700000 3.1847200000
21 1 6 0.5967190000 0 3.2814800000 2.9388800000 -1 -1 -1 -1 -1 -1 2.8089200000 3.1720800000 3.1551600000 3.3686900000 3.7608600000 3.1090500000 3.7824800000 2.7373200000 3.2697100000 2.4847900000 2.7738000000 2.8703700000
22 1 6 0.5382420000 0 5.1202800000 3.0322100000 -1 -1 -1 -1 -1 -1 5.5259100000 2.7884800000 4.9066900000 2.6621200000 4.6158200000 2.9134800000 4.7382000000 3.3029200000 5.3509500000 3.4058700000 5.6461900000 3.0387000000
23 1 7 1.4180700000 0 6.9204400000 3.0805000000 -1 -1 -1 -1 -1 -1 -1 7.5531900000 3.4126400000 7.6100800000 2.8948600000 7.1504700000 2.3907900000 6.4815600000 2.5005400000 6.1956200000 3.0741000000 6.4577300000 3.6418400000 7.1751800000 3.7512600000
24 1 7 0.6474540000 0 4.2509400000 3.1321000000 -1 -1 -1 -1 -1 -1 -1 3.7608600000 3.1090500000 4.3982500000 3.6936200000 4.5305800000 3.6714000000 4.7382000000 3.3029200000 4.6158200000 2.9134800000 3.9915800000 2.6224700000 3.7824800000 2.7373200000
25 1 5 0.5834680000 0 1.5143200000 3.1493800000 -1 -1 -1 -1 -1 1.0205900000 2.9902700000 1.1515600000 3.5198700000 1.8492200000 3.5051800000 1.9947400000 2.9806600000 1.6320200000 2.6906800000
26 1 5 0.7172650000 0 8.1033200000 3.1854800000 -1 -1 -1 -1 -1 7.6100800000 2.8948600000 7.5531900000 3.4126400000 8.0795000000 3.6870500000 8.7185700000 3.1847200000 8.5615200000 2.7788800000
27 1 7 0.5837370000 0 2.3254300000 3.1950900000 -1 -1 -1 -1 -1 -1 -1 2.7738000000 2.8703700000 2.4280700000 2.7276600000 1.9947400000 2.9806600000 1.8492200000 3.5051800000 1.9289000000 3.6145100000 2.3513400000 3.6213000000 2.8089200000 3.1720800000
28 1 6 0.6084160000 0 10.5476000000 3.2208300000 -1 -1 -1 -1 -1 -1 10.0562000000 3.1373000000 10.2053000000 3.6043500000 10.6974000000 3.6535700000 11.0639000000 3.1665200000 10.9450000000 2.8867600000 10.3941000000 2.8008500000
29 1 6 0.8095350000 0 5.8880700000 3.5343200000 -1 -1 -1 -1 -1 -1 6.0484000000 4.0846500000 6.4577300000 3.6418400000 6.1956200000 3.0741000000 5.6461900000 3.0387000000 5.3509500000 3.4058700000 5.4537100000 3.8696200000
30 1 7 1.0564100000 0 9.5589900000 3.5423000000 -1 -1 -1 -1 -1 -1 -1 10.2053000000 3.6043500000 10.0562000000 3.1373000000 9.5056300000 2.9325700000 8.9987100000 3.2912100000 8.9798100000 3.8731900000 9.1512500000 4.0530000000 9.8626200000 4.0539300000
31 1 5 0.4644520000 0 2.7738400000 3.6428000000 -1 -1 -1 -1 -1 2.5207200000 4.0288600000 2.9986600000 4.0249000000 3.1551600000 3.3686900000 2.8089200000 3.1720800000 2.3513400000 3.6213000000
32 1 5 0.4955040000 0 5.0091100000 3.6836800000 -1 -1 -1 -1 -1 5.4537100000 3.8696200000 5.3509500000 3.4058700000 4.7382000000 3.3029200000 4.5305800000 3.6714000000 4.9692400000 4.1296900000
33 1 6 0.6121800000 0 8.5588900000 3.7005600000 -1 -1 -1 -1 -1 -1 8.9987100000 3.2912100000 8.7185700000 3.1847200000 8.0795000000 3.6870500000 8.0761900000 4.0408700000 8.3038100000 4.1855800000 8.9798100000 3.8731900000
34 1 5 0.9532570000 0 11.3375000000 3.7530300000 -1 -1 -1 -1 -1 11.1809000000 4.3607300000 11.8662000000 4.1328400000 11.8694000000 3.4301900000 11.0639000000 3.1665200000 10.6974000000 3.6535700000
35 1 5 0.4795030000 0 7.6523600000 3.8345700000 -1 -1 -1 -1 -1 8.0795000000 3.6870500000 7.5531900000 3.4126400000 7.1751800000 3.7512600000 7.4889400000 4.2486700000 8.0761900000 4.0408700000
36 1 6 0.5351900000 0 1.4741100000 3.8574900000 -1 -1 -1 -1 -1 -1 1.6973600000 4.2660400000 1.9289000000 3.6145100000 1.8492200000 3.5051800000 1.1515600000 3.5198700000 0.9940220000 3.8194600000 1.3805800000 4.3257900000
37 1 6 1.4093400000 0 3.6833200000 3.8722400000 -1 -1 -1 -1 -1 -1 4.1353400000 4.4694400000 4.3982500000 3.6936200000 3.7608600000 3.1090500000 3.1551600000 3.3686900000 2.9986600000 4.0249000000 3.4836700000 4.5962100000
38 1 5 0.4613140000 0 2.0994800000 4.0161400000 -1 -1 -1 -1 -1 2.5207200000 4.0288600000 2.3513400000 3.6213000000 1.9289000000 3.6145100000 1.6973600000 4.2660400000 2.0321700000 4.4976100000
39 1 7 1.1286700000 0 10.5138000000 4.2405000000 -1 -1 -1 -1 -1 -1 -1 11.0809000000 4.6948300000 11.1809000000 4.3607300000 10.6974000000 3.6535700000 10.2053000000 3.6043500000 9.8626200000 4.0539300000 10.0745000000 4.6229900000 10.6072000000 4.8664800000
40 1 7 1.2621600000 0 6.7606300000 4.2476300000 -1 -1 -1 -1 -1 -1 -1 6.0484000000 4.0846500000 6.1641700000 4.5902400000 6.7292500000 4.8791500000 7.4108000000 4.5921500000 7.4889400000 4.2486700000 7.1751800000 3.7512600000 6.4577300000 3.6418400000
41 1 6 0.5887680000 0 4.5513500000 4.2591600000 -1 -1 -1 -1 -1 -1 4.3982500000 3.6936200000 4.1353400000 4.4694400000 4.3817300000 4.7543400000 4.8334600000 4.6625100000 4.9692400000 4.1296900000 4.5305800000 3.6714000000
42 1 6 1.0957700000 0 -0.0291198000 4.2630700000 -1 -1 -1 -1 -1 -1 -0.6450920000 4.5081300000 0.0359456000 4.9037800000 0.5715270000 4.5474300000 0.5550850000 3.9627500000 -0.0946995000 3.6310400000 -0.6392670000 4.0014100000
43 1 5 0.5095430000 0 0.9234380000 4.2784000000 -1 -1 -1 -1 -1 0.5550850000 3.9627500000 0.5715270000 4.5474300000 1.1248000000 4.7231200000 1.3805800000 4.3257900000 0.9940220000 3.8194600000
44 1 5 0.4715600000 0 8.6882900000 4.3310800000 -1 -1 -1 -1 -1 8.3394500000 4.6977100000 8.7376000000 4.7871400000 9.1512500000 4.0530000000 8.9798100000 3.8731900000 8.3038100000 4.1855800000
45 1 6 0.5799130000 0 7.9169900000 4.4806500000 -1 -1 -1 -1 -1 -1 7.4108000000 4.5921500000 7.9718800000 4.9582500000 8.3394500000 4.6977100000 8.3038100000 4.1855800000 8.0761900000 4.0408700000 7.4889400000 4.2486700000
46 1 7 1.1815000000 0 5.4960200000 4.4976300000 -1 -1 -1 -1 -1 -1 -1 6.1641700000 4.5902400000 6.0484000000 4.0846500000 5.4537100000 3.8696200000 4.9692400000 4.1296900000 4.8334600000 4.6625100000 5.1516000000 5.0711800000 5.7940800000 5.0497600000
47 1 6 1.0664900000 0 9.4200900000 4.5911500000 -1 -1 -1 -1 -1 -1 10.0745000000 4.6229900000 9.8626200000 4.0539300000 9.1512500000 4.0530000000 8.7376000000 4.7871400000 8.8855900000 5.0798600000 9.7260200000 5.0926100000
48 1 7 1.2599400000 0 2.7639100000 4.6309900000 -1 -1 -1 -1 -1 -1 -1 2.5207200000 4.0288600000 2.0321700000 4.4976100000 2.0623700000 4.8412000000 2.7829200000 5.2676700000 3.3486300000 5.0651500000 3.4836700000 4.5962100000 2.9986600000 4.0249000000
49 1 7 0.6892350000 0 11.6034000000 4.6460000000 -1 -1 -1 -1 -1 -1 -1 11.8497000000 5.1082100000 12.0519000000 4.7520500000 11.9542000000 4.1989500000 11.8662000000 4.1328400000 11.1809000000 4.3607300000 11.0809000000 4.6948300000 11.4557000000 5.1331400000
50 1 7 0.6715750000 0 1.5890500000 4.7641300000 -1 -1 -1 -1 -1 -1 -1 1.3805800000 4.3257900000 1.1248000000 4.7231200000 1.2769500000 5.2263400000 1.6054800000 5.2874600000 2.0623700000 4.8412000000 2.0321700000 4.4976100000 1.6973600000 4.2660400000
51 1 6 0.6902560000 0 3.8675400000 4.9309300000 -1 -1 -1 -1 -1 -1 4.1353400000 4.4694400000 3.4836700000 4.5962100000 3.3486300000 5.0651500000 3.6901800000 5.4117500000 4.1929700000 5.3052500000 4.3817300000 4.7543400000
52 1 5 0.4981020000 0 6.2720800000 5.0374300000 -1 -1 -1 -1 -1 6.7292500000 4.8791500000 6.1641700000 4.5902400000 5.7940800000 5.0497600000 6.0661400000 5.4229100000 6.6050700000 5.3342300000
53 1 5 0.4511000000 0 10.1812000000 5.0440200000 -1 -1 -1 -1 -1 10.6072000000 4.8664800000 10.0745000000 4.6229900000 9.7260200000 5.0926100000 9.9856900000 5.4250200000 10.5282000000 5.2842500000
54 1 6 0.5863560000 0 4.6599400000 5.1199500000 -1 -1 -1 -1 -1 -1 4.3826900000 5.5293300000 4.9340800000 5.4813600000 5.1516000000 5.0711800000 4.8334600000 4.6625100000 4.3817300000 4.7543400000 4.1929700000 5.3052500000
55 1 6 0.5581100000 0 10.9711000000 5.1545800000 -1 -1 -1 -1 -1 -1 10.6072000000 4.8664800000 10.5282000000 5.2842500000 10.7343000000 5.5413000000 11.2794000000 5.5089800000 11.4557000000 5.1331400000 11.0809000000 4.6948300000
56 1 6 1.1162600000 0 0.5983060000 5.1722000000 -1 -1 -1 -1 -1 -1 0.5351490000 5.8573100000 1.2769500000 5.2263400000 1.1248000000 4.7231200000 0.5715270000 4.5474300000 0.0359456000 4.9037800000 0.0420966000 5.6036600000
57 1 7 0.6559470000 0 8.3793300000 5.1795700000 -1 -1 -1 -1 -1 -1 -1 8.7376000000 4.7871400000 8.3394500000 4.6977100000 7.9718800000 4.9582500000 7.9831600000 5.6074300000 8.1092500000 5.6831900000 8.6236000000 5.5399800000 8.8855900000 5.0798600000
58 1 7 1.4476000000 0 7.3134900000 5.3184600000 -1 -1 -1 -1 -1 -1 -1 7.9831600000 5.6074300000 7.9718800000 4.9582500000 7.4108000000 4.5921500000 6.7292500000 4.8791500000 6.6050700000 5.3342300000 6.8730500000 5.9002400000 7.3439500000 6.0561700000
59 1 5 0.8328240000 0 2.2243800000 5.4280300000 -1 -1 -1 -1 -1 2.0623700000 4.8412000000 1.6054800000 5.2874600000 2.0866900000 5.9916500000 2.7081100000 5.7915400000 2.7829200000 5.2676700000
60 1 7 0.8692580000 0 5.5063900000 5.5348900000 -1 -1 -1 -1 -1 -1 -1 6.0661400000 5.4229100000 5.7940800000 5.0497600000 5.1516000000 5.0711800000 4.9340800000 5.4813600000 5.1594800000 5.9763100000 5.6003600000 6.0821100000 5.9999200000 5.7912700000
61 1 6 0.6661520000 0 3.1826600000 5.5587800000 -1 -1 -1 -1 -1 -1 2.9983000000 6.0343400000 3.5415200000 5.8813400000 3.6901800000 5.4117500000 3.3486300000 5.0651500000 2.7829200000 5.2676700000 2.7081100000 5.7915400000
62 1 6 0.5783320000 0 11.7187000000 5.5829100000 -1 -1 -1 -1 -1 -1 11.8497000000 5.1082100000 11.4557000000 5.1331400000 11.2794000000 5.5089800000 11.6277000000 6.0872700000 11.9460000000 6.0611300000 12.1506000000 5.6168400000
63 1 7 1.1962800000 0 9.3317200000 5.6103500000 -1 -1 -1 -1 -1 -1 -1 8.8623500000 6.0292100000 9.4455600000 6.2424800000 9.9257000000 5.9492800000 9.9856900000 5.4250200000 9.7260200000 5.0926100000 8.8855900000 5.0798600000 8.6236000000 5.5399800000
64 1 5 0.4357180000 0 10.2984000000 5.6742600000 -1 -1 -1 -1 -1 9.9257000000 5.9492800000 10.3673000000 6.1018600000 10.7343000000 5.5413000000 10.5282000000 5.2842500000 9.9856900000 5.4250200000
65 1 5 0.4507350000 0 6.4295500000 5.7137300000 -1 -1 -1 -1 -1 5.9999200000 5.7912700000 6.5424400000 6.1382300000 6.8730500000 5.9002400000 6.6050700000 5.3342300000 6.0661400000 5.4229100000
66 1 6 0.5636170000 0 3.9686800000 5.7699700000 -1 -1 -1 -1 -1 -1 4.1929700000 5.3052500000 3.6901800000 5.4117500000 3.5415200000 5.8813400000 3.8336900000 6.2636100000 4.1957100000 6.1934000000 4.3826900000 5.5293300000
67 1 5 0.6248990000 0 4.6629100000 5.9375700000 -1 -1 -1 -1 -1 4.6663400000 6.4678200000 5.1594800000 5.9763100000 4.9340800000 5.4813600000 4.3826900000 5.5293300000 4.1957100000 6.1934000000
68 1 5 0.4543270000 0 8.4540900000 5.9709200000 -1 -1 -1 -1 -1 8.5511700000 6.3974900000 8.8623500000 6.0292100000 8.6236000000 5.5399800000 8.1092500000 5.6831900000 8.1620700000 6.3066900000
69 1 8 1.5182800000 0 1.3345200000 5.9896100000 -1 -1 -1 -1 -1 -1 -1 -1 2.0539300000 6.2988900000 2.0866900000 5.9916500000 1.6054800000 5.2874600000 1.2769500000 5.2263400000 0.5351490000 5.8573100000 0.5432690000 6.1316600000 1.0884300000 6.6297700000 1.6828600000 6.6337400000
70 1 5 0.4913960000 0 12.4016000000 6.0093000000 -1 -1 -1 -1 -1 12.4442000000 6.4758800000 12.8143000000 6.2170300000 12.6748000000 5.6649300000 12.1506000000 5.6168400000 11.9460000000 6.0611300000
71 1 6 0.9387340000 0 10.9940000000 6.0469900000 -1 -1 -1 -1 -1 -1 10.7343000000 5.5413000000 10.3673000000 6.1018600000 10.4988000000 6.4378400000 11.2548000000 6.5789800000 11.6277000000 6.0872700000 11.2794000000 5.5089800000
72 1 7 0.6866280000 0 -0.0293383000 6.0476500000 -1 -1 -1 -1 -1 -1 -1 0.5432690000 6.1316600000 0.5351490000 5.8573100000 0.0420966000 5.6036600000 -0.5547020000 5.8797500000 -0.6171090000 6.1469300000 -0.3927180000 6.4066300000 0.1530530000 6.4308100000
73 1 6 0.5683420000 0 7.7851600000 6.1565300000 -1 -1 -1 -1 -1 -1 7.9831600000 5.6074300000 7.3439500000 6.0561700000 7.4461600000 6.5446600000 7.8298000000 6.6417200000 8.1620700000 6.3066900000 8.1092500000 5.6831900000
74 1 6 0.5483960000 0 2.5535000000 6.2024700000 -1 -1 -1 -1 -1 -1 2.9451900000 6.4698500000 2.9983000000 6.0343400000 2.7081100000 5.7915400000 2.0866900000 5.9916500000 2.0539300000 6.2988900000 2.5910100000 6.6365500000
75 1 5 0.5620280000 0 6.0777700000 6.2646400000 -1 -1 -1 -1 -1 5.8240500000 6.6612100000 6.4399900000 6.6229500000 6.5424400000 6.1382300000 5.9999200000 5.7912700000 5.6003600000 6.0821100000
76 1 5 0.4831170000 0 3.3625200000 6.2863900000 -1 -1 -1 -1 -1 3.8336900000 6.2636100000 3.5415200000 5.8813400000 2.9983000000 6.0343400000 2.9451900000 6.4698500000 3.4405000000 6.7351600000
77 1 7 0.6797950000 0 6.9441400000 6.3864500000 -1 -1 -1 -1 -1 -1 -1 7.1943000000 6.7987500000 7.4461600000 6.5446600000 7.3439500000 6.0561700000 6.8730500000 5.9002400000 6.5424400000 6.1382300000 6.4399900000 6.6229500000 6.5403200000 6.7529300000
78 1 5 0.4307830000 0 9.0049100000 6.4032300000 -1 -1 -1 -1 -1 9.3939000000 6.6359500000 9.4455600000 6.2424800000 8.8623500000 6.0292100000 8.5511700000 6.3974900000 8.7080700000 6.7225200000
79 1 7 0.8601050000 0 9.9363600000 6.5035700000 -1 -1 -1 -1 -1 -1 -1 9.4455600000 6.2424800000 9.3939000000 6.6359500000 9.7833600000 7.0776500000 10.1505000000 7.0283500000 10.4988000000 6.4378400000 10.3673000000 6.1018600000 9.9257000000 5.9492800000
80 1 6 0.9584930000 0 5.2552000000 6.5928400000 -1 -1 -1 -1 -1 -1 5.8240500000 6.6612100000 5.6003600000 6.0821100000 5.1594800000 5.9763100000 4.6663400000 6.4678200000 4.9084800000 7.1297600000 5.5345700000 7.1385900000
81 1 5 0.5102020000 0 0.5997660000 6.6110300000 -1 -1 -1 -1 -1 0.5432690000 6.1316600000 0.1530530000 6.4308100000 0.2984840000 6.9207300000 0.9112170000 6.9907900000 1.0884300000 6.6297700000
82 1 5 0.4927440000 0 2.1481300000 6.7462300000 -1 -1 -1 -1 -1 1.6828600000 6.6337400000 1.9431100000 7.1346900000 2.5243000000 7.0368700000 2.5910100000 6.6365500000 2.0539300000 6.2988900000
83 1 6 0.5388060000 0 8.2703800000 6.7550700000 -1 -1 -1 -1 -1 -1 8.1620700000 6.3066900000 7.8298000000 6.6417200000 8.0460700000 7.1808100000 8.4331600000 7.1972700000 8.7080700000 6.7225200000 8.5511700000 6.3974900000
84 1 5 0.5114480000 0 -0.1348230000 6.8001400000 -1 -1 -1 -1 -1 -0.5603330000 6.9848500000 -0.1453300000 7.2719700000 0.2984840000 6.9207300000 0.1530530000 6.4308100000 -0.3927180000 6.4066300000
85 1 8 1.4680000000 0 11.8523000000 6.8474000000 -1 -1 -1 -1 -1 -1 -1 -1 12.4442000000 6.4758800000 11.9460000000 6.0611300000 11.6277000000 6.0872700000 11.2548000000 6.5789800000 11.3255000000 7.4709900000 11.4440000000 7.5796900000 12.1770000000 7.4866900000 12.5050000000 7.0720200000
86 1 6 0.5718780000 0 2.9865400000 6.9099100000 -1 -1 -1 -1 -1 -1 2.5910100000 6.6365500000 2.5243000000 7.0368700000 2.8948000000 7.3543500000 3.4376400000 7.1377400000 3.4405000000 6.7351600000 2.9451900000 6.4698500000
87 1 9 1.5340000000 0 4.1517500000 6.9361400000 -1 -1 -1 -1 -1 -1 -1 -1 -1 3.4405000000 6.7351600000 3.4376400000 7.1377400000 3.8829800000 7.6029700000 4.3304400000 7.6247300000 4.8195100000 7.3314000000 4.9084800000 7.1297600000 4.6663400000 6.4678200000 4.1957100000 6.1934000000 3.8336900000 6.2636100000
88 1 6 0.5689750000 0 1.4209600000 6.9908800000 -1 -1 -1 -1 -1 -1 1.1706900000 7.3547900000 1.8535100000 7.2960200000 1.9431100000 7.1346900000 1.6828600000 6.6337400000 1.0884300000 6.6297700000 0.9112170000 6.9907900000
89 1 5 1.0210400000 0 10.7947000000 7.0380100000 -1 -1 -1 -1 -1 11.3255000000 7.4709900000 11.2548000000 6.5789800000 10.4988000000 6.4378400000 10.1505000000 7.0283500000 10.6923000000 7.6832600000
90 1 7 0.6110870000 0 7.6019600000 7.0545800000 -1 -1 -1 -1 -1 -1 -1 7.5270700000 7.5440600000 7.8514600000 7.4993500000 8.0460700000 7.1808100000 7.8298000000 6.6417200000 7.4461600000 6.5446600000 7.1943000000 6.7987500000 7.2801200000 7.3556900000
91 1 6 0.6487600000 0 6.0440600000 7.0591800000 -1 -1 -1 -1 -1 -1 5.8240500000 6.6612100000 5.5345700000 7.1385900000 5.7813700000 7.5428300000 6.2997900000 7.4557100000 6.5403200000 6.7529300000 6.4399900000 6.6229500000
92 1 5 0.6681030000 0 6.8006200000 7.2049200000 -1 -1 -1 -1 -1 6.5403200000 6.7529300000 6.2997900000 7.4557100000 6.7140600000 7.7307000000 7.2801200000 7.3556900000 7.1943000000 6.7987500000
93 1 6 1.2094500000 0 9.1161200000 7.2536700000 -1 -1 -1 -1 -1 -1 8.8327800000 7.8934500000 9.4978200000 7.8343500000 9.7833600000 7.0776500000 9.3939000000 6.6359500000 8.7080700000 6.7225200000 8.4331600000 7.1972700000
94 1 7 0.6103740000 0 2.3696000000 7.4413600000 -1 -1 -1 -1 -1 -1 -1 2.4048800000 7.8868800000 2.8656500000 7.5856700000 2.8948000000 7.3543500000 2.5243000000 7.0368700000 1.9431100000 7.1346900000 1.8535100000 7.2960200000 2.0767900000 7.7998700000
95 1 5 0.4785870000 0 12.6484000000 7.5005200000 -1 -1 -1 -1 -1 13.0726000000 7.3260700000 12.5050000000 7.0720200000 12.1770000000 7.4866900000 12.5112000000 7.8996500000 13.0081000000 7.7748700000
96 1 6 0.5675470000 0 5.3033700000 7.5100200000 -1 -1 -1 -1 -1 -1 4.8195100000 7.3314000000 5.1452000000 7.9195500000 5.4871100000 7.9915000000 5.7813700000 7.5428300000 5.5345700000 7.1385900000 4.9084800000 7.1297600000
97 1 6 0.6527000000 0 -0.5410130000 7.5244400000 -1 -1 -1 -1 -1 -1 -0.1675270000 7.9004500000 -0.1453300000 7.2719700000 -0.5603330000 6.9848500000 -0.8603900000 7.0976200000 -0.9661460000 7.7222900000 -0.5854990000 8.0594700000
98 1 7 1.3703600000 0 0.4869660000 7.5734100000 -1 -1 -1 -1 -1 -1 -1 0.4258490000 8.3008800000 1.0338700000 7.9961800000 1.1706900000 7.3547900000 0.9112170000 6.9907900000 0.2984840000 6.9207300000 -0.1453300000 7.2719700000 -0.1675270000 7.9004500000
99 1 6 0.5684000000 0 3.3745600000 7.5876100000 -1 -1 -1 -1 -1 -1 3.7334100000 7.9432000000 3.8829800000 7.6029700000 3.4376400000 7.1377400000 2.8948000000 7.3543500000 2.8656500000 7.5856700000 3.3094200000 8.0027200000
100 1 6 0.9737900000 0 10.0840000000 7.6721600000 -1 -1 -1 -1 -1 -1 9.7833600000 7.0776500000 9.4978200000 7.8343500000 9.9203200000 8.2667900000 10.5653000000 8.0892100000 10.6923000000 7.6832600000 10.1505000000 7.0283500000
101 1 6 0.6862710000 0 8.3292900000 7.7093100000 -1 -1 -1 -1 -1 -1 8.4331600000 7.1972700000 8.0460700000 7.1808100000 7.8514600000 7.4993500000 8.1291000000 8.1549700000 8.6065400000 8.2424300000 8.8327800000 7.8934500000
102 1 5 0.6990700000 0 1.5377900000 7.7445600000 -1 -1 -1 -1 -1 1.1706900000 7.3547900000 1.0338700000 7.9961800000 1.6005500000 8.2720200000 2.0767900000 7.7998700000 1.8535100000 7.2960200000
103 1 4 0.3690100000 0 4.7427700000 7.7623400000 -1 -1 -1 -1 4.8195100000 7.3314000000 4.3304400000 7.6247300000 4.6804900000 8.1869000000 5.1452000000 7.9195500000
104 1 5 0.4234380000 0 7.1382400000 7.7870100000 -1 -1 -1 -1 -1 7.2801200000 7.3556900000 6.7140600000 7.7307000000 6.8656000000 8.1621100000 7.3776300000 8.0897700000 7.5270700000 7.5440600000
105 1 5 0.4318930000 0 7.7388800000 7.9518200000 -1 -1 -1 -1 -1 7.7613600000 8.4143100000 8.1291000000 8.1549700000 7.8514600000 7.4993500000 7.5270700000 7.5440600000 7.3776300000 8.0897700000
106 1 6 0.5926390000 0 11.0074000000 7.9862500000 -1 -1 -1 -1 -1 -1 11.1708000000 8.4939700000 11.4440000000 7.5796900000 11.3255000000 7.4709900000 10.6923000000 7.6832600000 10.5653000000 8.0892100000 10.8963000000 8.5338300000
107 1 5 0.4554620000 0 2.8483700000 8.0166200000 -1 -1 -1 -1 -1 2.4048800000 7.8868800000 2.5309400000 8.3056800000 3.1478500000 8.3493200000 3.3094200000 8.0027200000 2.8656500000 7.5856700000
108 1 6 0.5501760000 0 4.2044600000 8.0306400000 -1 -1 -1 -1 -1 -1 4.6804900000 8.1869000000 4.3304400000 7.6247300000 3.8829800000 7.6029700000 3.7334100000 7.9432000000 4.1145600000 8.4618300000 4.6117100000 8.3960500000
109 1 8 1.2648300000 0 6.1915600000 8.0921200000 -1 -1 -1 -1 -1 -1 -1 -1 6.3020300000 8.7460800000 6.7066900000 8.5847200000 6.8656000000 8.1621100000 6.7140600000 7.7307000000 6.2997900000 7.4557100000 5.7813700000 7.5428300000 5.4871100000 7.9915000000 5.6405300000 8.4549400000
110 1 6 1.1835000000 0 11.8312000000 8.1014400000 -1 -1 -1 -1 -1 -1 12.5112000000 7.8996500000 12.1770000000 7.4866900000 11.4440000000 7.5796900000 11.1708000000 8.4939700000 11.5557000000 8.7988500000 12.4506000000 8.3048100000
111 1 6 0.5991890000 0 2.0741100000 8.2969500000 -1 -1 -1 -1 -1 -1 2.5309400000 8.3056800000 2.4048800000 7.8868800000 2.0767900000 7.7998700000 1.6005500000 8.2720200000 1.7316600000 8.7001400000 2.1751200000 8.7599500000
112 1 7 0.9019860000 0 9.2717100000 8.2996200000 -1 -1 -1 -1 -1 -1 -1 8.7650700000 8.6119200000 9.5641200000 8.7770600000 9.8994700000 8.5192900000 9.9203200000 8.2667900000 9.4978200000 7.8343500000 8.8327800000 7.8934500000 8.6065400000 8.2424300000
113 1 7 0.6427020000 0 5.1432600000 8.3718900000 -1 -1 -1 -1 -1 -1 -1 4.6117100000 8.3960500000 4.9012200000 8.7845700000 5.3821300000 8.7796400000 5.6405300000 8.4549400000 5.4871100000 7.9915000000 5.1452000000 7.9195500000 4.6804900000 8.1869000000
114 1 6 0.6143670000 0 3.6229800000 8.4137800000 -1 -1 -1 -1 -1 -1 3.3094200000 8.0027200000 3.1478500000 8.3493200000 3.4316800000 8.8443100000 3.9294400000 8.8383800000 4.1145600000 8.4618300000 3.7334100000 7.9432000000
115 1 5 0.4708190000 0 10.4016000000 8.4613800000 -1 -1 -1 -1 -1 9.9203200000 8.2667900000 9.8994700000 8.5192900000 10.5893000000 8.8745100000 10.8963000000 8.5338300000 10.5653000000 8.0892100000
116 1 6 0.6004720000 0 7.2329500000 8.4898900000 -1 -1 -1 -1 -1 -1 6.7066900000 8.5847200000 7.1162100000 8.9258800000 7.7208900000 8.6925100000 7.7613600000 8.4143100000 7.3776300000 8.0897700000 6.8656000000 8.1621100000
117 1 7 0.6547930000 0 8.2377600000 8.5897700000 -1 -1 -1 -1 -1 -1 -1 8.6065400000 8.2424300000 8.1291000000 8.1549700000 7.7613600000 8.4143100000 7.7208900000 8.6925100000 7.9929600000 8.9968500000 8.5147300000 8.9790700000 8.7650700000 8.6119200000
118 1 7 1.2142500000 0 -0.1270080000 8.6148500000 -1 -1 -1 -1 -1 -1 -1 0.0163033000 9.3323300000 0.4063400000 9.0567900000 0.4258490000 8.3008800000 -0.1675270000 7.9004500000 -0.5854990000 8.0594700000 -0.7496450000 8.5572900000 -0.3731940000 9.2342600000
119 1 7 1.3002500000 0 1.0243200000 8.6741500000 -1 -1 -1 -1 -1 -1 -1 0.4063400000 9.0567900000 0.8042880000 9.3265600000 1.4207800000 9.1895200000 1.7316600000 8.7001400000 1.6005500000 8.2720200000 1.0338700000 7.9961800000 0.4258490000 8.3008800000
120 1 6 0.8764670000 0 2.8045900000 8.7881700000 -1 -1 -1 -1 -1 -1 3.1478500000 8.3493200000 2.5309400000 8.3056800000 2.1751200000 8.7599500000 2.3386600000 9.1657800000 3.1781400000 9.2509500000 3.4316800000 8.8443100000
121 1 6 0.5894480000 0 4.4126300000 8.8233000000 -1 -1 -1 -1 -1 -1 4.6117100000 8.3960500000 4.1145600000 8.4618300000 3.9294400000 8.8383800000 4.1648200000 9.2279000000 4.7017200000 9.2028000000 4.9012200000 8.7845700000
122 1 5 0.5138820000 0 5.8565500000 8.8970300000 -1 -1 -1 -1 -1 5.6405300000 8.4549400000 5.3821300000 8.7796400000 5.7025400000 9.3115100000 6.2487300000 9.1928900000 6.3020300000 8.7460800000
123 1 5 0.5277200000 0 10.0620000000 8.9390700000 -1 -1 -1 -1 -1 10.5893000000 8.8745100000 9.8994700000 8.5192900000 9.5641200000 8.7770600000 9.7137200000 9.2524500000 10.5489000000 9.2182900000
124 1 6 1.4060600000 0 12.3864000000 8.9570400000 -1 -1 -1 -1 -1 -1 11.6020000000 9.2872400000 12.6397000000 9.5975000000 13.1949000000 9.0224600000 13.0846000000 8.5895800000 12.4506000000 8.3048100000 11.5557000000 8.7988500000
125 1 8 0.8081140000 0 11.0852000000 9.0316500000 -1 -1 -1 -1 -1 -1 -1 -1 11.6020000000 9.2872400000 11.5557000000 8.7988500000 11.1708000000 8.4939700000 10.8963000000 8.5338300000 10.5893000000 8.8745100000 10.5489000000 9.2182900000 10.7558000000 9.4593300000 11.4090000000 9.4816100000
126 1 6 0.7090170000 0 9.1219700000 9.0451800000 -1 -1 -1 -1 -1 -1 9.7137200000 9.2524500000 9.5641200000 8.7770600000 8.7650700000 8.6119200000 8.5147300000 8.9790700000 8.7154900000 9.3380800000 9.5379500000 9.4465100000
127 1 6 0.5909600000 0 6.6942800000 9.0656400000 -1 -1 -1 -1 -1 -1 6.7429000000 9.5610100000 7.1079300000 9.3501800000 7.1162100000 8.9258800000 6.7066900000 8.5847200000 6.3020300000 8.7460800000 6.2487300000 9.1928900000
128 1 5 0.4863890000 0 7.5274000000 9.1063900000 -1 -1 -1 -1 -1 7.9929600000 8.9968500000 7.7208900000 8.6925100000 7.1162100000 8.9258800000 7.1079300000 9.3501800000 7.6931100000 9.5150400000
129 1 6 0.5459970000 0 1.8808600000 9.1365000000 -1 -1 -1 -1 -1 -1 1.4207800000 9.1895200000 1.6055200000 9.5176700000 1.9803500000 9.5756400000 2.3386600000 9.1657800000 2.1751200000 8.7599500000 1.7316600000 8.7001400000
130 1 6 0.5746350000 0 5.1942600000 9.1812700000 -1 -1 -1 -1 -1 -1 4.9903100000 9.5702500000 5.5984700000 9.5111500000 5.7025400000 9.3115100000 5.3821300000 8.7796400000 4.9012200000 8.7845700000 4.7017200000 9.2028000000
131 1 6 0.5713290000 0 3.6704600000 9.2265400000 -1 -1 -1 -1 -1 -1 3.3675500000 9.5868700000 3.9144900000 9.6117600000 4.1648200000 9.2279000000 3.9294400000 8.8383800000 3.4316800000 8.8443100000 3.1781400000 9.2509500000
132 1 6 0.6644140000 0 8.2099400000 9.4208400000 -1 -1 -1 -1 -1 -1 7.6931100000 9.5150400000 7.8879700000 9.8673100000 8.5029100000 9.7961800000 8.7154900000 9.3380800000 8.5147300000 8.9790700000 7.9929600000 8.9968500000
133 1 6 0.5772610000 0 0.4402040000 9.5690300000 -1 -1 -1 -1 -1 -1 0.5669400000 10.0738000000 0.7984390000 9.9312300000 0.8042880000 9.3265600000 0.4063400000 9.0567900000 0.0163033000 9.3323300000 0.0928596000 9.8223700000
134 1 5 0.4964710000 0 1.1604700000 9.6019100000 -1 -1 -1 -1 -1 1.4207800000 9.1895200000 0.8042880000 9.3265600000 0.7984390000 9.9312300000 1.2674800000 10.0375000000 1.6055200000 9.5176700000
135 1 7 0.7890420000 0 10.1256000000 9.6054700000 -1 -1 -1 -1 -1 -1 -1 9.5379500000 9.4465100000 9.5945200000 9.8395400000 9.8796500000 10.0589000000 10.5729000000 9.9155500000 10.7558000000 9.4593300000 10.5489000000 9.2182900000 9.7137200000 9.2524500000
136 1 7 0.6390160000 0 6.1206400000 9.6100200000 -1 -1 -1 -1 -1 -1 -1 6.1159700000 10.0661000000 6.7388700000 9.6260100000 6.7429000000 9.5610100000 6.2487300000 9.1928900000 5.7025400000 9.3115100000 5.5984700000 9.5111500000 5.7847200000 9.9750300000
137 1 6 0.5580990000 0 -0.3341280000 9.7077200000 -1 -1 -1 -1 -1 -1 -0.3731940000 9.2342600000 -0.8175650000 9.7759100000 -0.7042450000 10.0591000000 -0.2622590000 10.1367000000 0.0928596000 9.8223700000 0.0163033000 9.3323300000
138 1 5 0.6212930000 0 9.0563300000 9.7240600000 -1 -1 -1 -1 -1 8.5029100000 9.7961800000 8.9899600000 10.1968000000 9.5945200000 9.8395400000 9.5379500000 9.4465100000 8.7154900000 9.3380800000
139 1 7 1.2766400000 0 2.6543900000 9.7568700000 -1 -1 -1 -1 -1 -1 -1 3.3675500000 9.5868700000 3.1781400000 9.2509500000 2.3386600000 9.1657800000 1.9803500000 9.5756400000 2.0661300000 10.1227000000 2.5530500000 10.4259000000 3.0850400000 10.2479000000
140 1 7 0.9406280000 0 4.4389500000 9.7638000000 -1 -1 -1 -1 -1 -1 -1 4.3437800000 10.4231000000 4.8916200000 10.0464000000 4.9903100000 9.5702500000 4.7017200000 9.2028000000 4.1648200000 9.2279000000 3.9144900000 9.6117600000 4.0989200000 10.3326000000
141 1 7 0.6507340000 0 7.3530500000 9.7882700000 -1 -1 -1 -1 -1 -1 -1 6.7429000000 9.5610100000 6.7388700000 9.6260100000 7.3317100000 10.2434000000 7.6919900000 10.2374000000 7.8879700000 9.8673100000 7.6931100000 9.5150400000 7.1079300000 9.3501800000
142 1 6 0.8700900000 0 12.0661000000 9.7987400000 -1 -1 -1 -1 -1 -1 11.6020000000 9.2872400000 11.4090000000 9.4816100000 11.6716000000 10.1555000000 12.4492000000 10.2710000000 12.7403000000 9.9449000000 12.6397000000 9.5975000000
143 1 5 0.4905160000 0 5.3193100000 9.8790300000 -1 -1 -1 -1 -1 4.9903100000 9.5702500000 4.8916200000 10.0464000000 5.2815600000 10.3172000000 5.7847200000 9.9750300000 5.5984700000 9.5111500000
144 1 5 0.4456340000 0 1.6945800000 9.9375300000 -1 -1 -1 -1 -1 1.5498400000 10.3772000000 2.0661300000 10.1227000000 1.9803500000 9.5756400000 1.6055200000 9.5176700000 1.2674800000 10.0375000000
145 1 6 0.8147090000 0 11.1363000000 9.9577200000 -1 -1 -1 -1 -1 -1 10.5729000000 9.9155500000 11.0588000000 10.5028000000 11.4437000000 10.4827000000 11.6716000000 10.1555000000 11.4090000000 9.4816100000 10.7558000000 9.4593300000
146 1 5 0.7149490000 0 3.5948300000 10.0810000000 -1 -1 -1 -1 -1 3.3675500000 9.5868700000 3.0850400000 10.2479000000 3.3963000000 10.6153000000 4.0989200000 10.3326000000 3.9144900000 9.6117600000
147 1 5 0.7894470000 0 6.7119400000 10.2117000000 -1 -1 -1 -1 -1 7.0406400000 10.6705000000 7.3317100000 10.2434000000 6.7388700000 9.6260100000 6.1159700000 10.0661000000 6.3338200000 10.6006000000
148 1 5 0.4843950000 0 0.1519180000 10.2684000000 -1 -1 -1 -1 -1 0.4109270000 10.6660000000 0.5669400000 10.0738000000 0.0928596000 9.8223700000 -0.2622590000 10.1367000000 -0.1390020000 10.6038000000
149 1 5 0.4591690000 0 9.4308400000 10.2685000000 -1 -1 -1 -1 -1 9.8796500000 10.0589000000 9.5945200000 9.8395400000 8.9899600000 10.1968000000 9.0528900000 10.5688000000 9.6082700000 10.6426000000
150 1 7 1.1729600000 0 8.3927100000 10.3917000000 -1 -1 -1 -1 -1 -1 -1 8.7655700000 10.9731000000 9.0528900000 10.5688000000 8.9899600000 10.1968000000 8.5029100000 9.7961800000 7.8879700000 9.8673100000 7.6919900000 10.2374000000 8.1693900000 10.9945000000
151 1 5 0.4799350000 0 4.8333800000 10.4721000000 -1 -1 -1 -1 -1 5.2815600000 10.3172000000 4.8916200000 10.0464000000 4.3437800000 10.4231000000 4.5357700000 10.8278000000 5.1761500000 10.7443000000
152 1 8 0.9413880000 0 5.7655900000 10.5740000000 -1 -1 -1 -1 -1 -1 -1 -1 5.7847200000 9.9750300000 5.2815600000 10.3172000000 5.1761500000 10.7443000000 5.3267700000 10.9961000000 5.9058700000 11.1170000000 6.2144900000 10.9308000000 6.3338200000 10.6006000000 6.1159700000 10.0661000000
153 1 8 1.1096200000 0 0.9898960000 10.5844000000 -1 -1 -1 -1 -1 -1 -1 -1 1.2674800000 10.0375000000 0.7984390000 9.9312300000 0.5669400000 10.0738000000 0.4109270000 10.6660000000 0.7702600000 11.2317000000 1.1619100000 11.2337000000 1.5382200000 10.8304000000 1.5498400000 10.3772000000
154 1 6 0.7197600000 0 2.0470800000 10.6202000000 -1 -1 -1 -1 -1 -1 2.0964400000 11.1174000000 2.5401900000 10.8546000000 2.5530500000 10.4259000000 2.0661300000 10.1227000000 1.5498400000 10.3772000000 1.5382200000 10.8304000000
155 1 7 1.4319600000 0 10.3458000000 10.6209000000 -1 -1 -1 -1 -1 -1 -1 11.0588000000 10.5028000000 10.5729000000 9.9155500000 9.8796500000 10.0589000000 9.6082700000 10.6426000000 9.7620000000 11.0368000000 10.5062000000 11.3242000000 10.9081000000 11.1159000000
156 1 5 0.4670840000 0 2.9358100000 10.6526000000 -1 -1 -1 -1 -1 3.3963000000 10.6153000000 3.0850400000 10.2479000000 2.5530500000 10.4259000000 2.5401900000 10.8546000000 3.0548100000 11.0839000000
157 1 7 0.9239560000 0 7.5741700000 10.8459000000 -1 -1 -1 -1 -1 -1 -1 7.3317100000 10.2434000000 7.0406400000 10.6705000000 7.0987700000 11.0888000000 7.4818500000 11.4102000000 8.0050400000 11.3300000000 8.1693900000 10.9945000000 7.6919900000 10.2374000000
158 1 5 0.4251370000 0 6.6711600000 10.9100000000 -1 -1 -1 -1 -1 7.0987700000 11.0888000000 7.0406400000 10.6705000000 6.3338200000 10.6006000000 6.2144900000 10.9308000000 6.6189200000 11.2833000000
159 1 5 0.4930060000 0 11.2971000000 10.9332000000 -1 -1 -1 -1 -1 11.7158000000 11.1217000000 11.4437000000 10.4827000000 11.0588000000 10.5028000000 10.9081000000 11.1159000000 11.3563000000 11.4144000000
160 1 6 0.5307010000 0 9.2723400000 10.9492000000 -1 -1 -1 -1 -1 -1 8.7655700000 10.9731000000 9.0001800000 11.2901000000 9.5166600000 11.2913000000 9.7620000000 11.0368000000 9.6082700000 10.6426000000 9.0528900000 10.5688000000
161 1 9 1.5320400000 0 3.8208300000 11.0799000000 -1 -1 -1 -1 -1 -1 -1 -1 -1 3.9263000000 11.7758000000 4.4292900000 11.3985000000 4.5357700000 10.8278000000 4.3437800000 10.4231000000 4.0989200000 10.3326000000 3.3963000000 10.6153000000 3.0548100000 11.0839000000 3.0646400000 11.3783000000 3.4067600000 11.7216000000
162 1 5 0.4818090000 0 4.8461500000 11.1157000000 -1 -1 -1 -1 -1 4.4292900000 11.3985000000 4.8722100000 11.5570000000 5.3267700000 10.9961000000 5.1761500000 10.7443000000 4.5357700000 10.8278000000
163 1 5 0.4738500000 0 1.6469400000 11.2516000000 -1 -1 -1 -1 -1 2.0964400000 11.1174000000 1.5382200000 10.8304000000 1.1619100000 11.2337000000 1.4902700000 11.6571000000 2.0814300000 11.4289000000
164 1 6 0.5354470000 0 2.5563900000 11.2555000000 -1 -1 -1 -1 -1 -1 2.0964400000 11.1174000000 2.0814300000 11.4289000000 2.4036600000 11.6624000000 3.0646400000 11.3783000000 3.0548100000 11.0839000000 2.5401900000 10.8546000000
165 1 5 0.4020710000 0 6.2688600000 11.3899000000 -1 -1 -1 -1 -1 6.1814000000 11.8533000000 6.4356000000 11.8441000000 6.6189200000 11.2833000000 6.2144900000 10.9308000000 5.9058700000 11.1170000000
166 1 7 0.8600700000 0 8.5656800000 11.5018000000 -1 -1 -1 -1 -1 -1 -1 9.0169900000 11.9268000000 9.0001800000 11.2901000000 8.7655700000 10.9731000000 8.1693900000 10.9945000000 8.0050400000 11.3300000000 8.3865700000 12.0209000000 8.8797200000 12.0950000000
167 1 6 0.7165600000 0 9.9912200000 11.5450000000 -1 -1 -1 -1 -1 -1 9.9828600000 12.0658000000 10.5109000000 11.7185000000 10.5062000000 11.3242000000 9.7620000000 11.0368000000 9.5166600000 11.2913000000 9.5776700000 11.8481000000
168 1 6 0.5534680000 0 10.9265000000 11.5747000000 -1 -1 -1 -1 -1 -1 10.5109000000 11.7185000000 10.8988000000 12.0190000000 11.2896000000 11.9109000000 11.3563000000 11.4144000000 10.9081000000 11.1159000000 10.5062000000 11.3242000000
169 1 4 0.3229060000 0 9.2724300000 11.5940000000 -1 -1 -1 -1 9.0001800000 11.2901000000 9.0169900000 11.9268000000 9.5776700000 11.8481000000 9.5166600000 11.2913000000
170 1 6 0.8318030000 0 6.9526000000 11.6879000000 -1 -1 -1 -1 -1 -1 6.7607200000 12.2779000000 7.1913200000 12.2213000000 7.4818500000 11.4102000000 7.0987700000 11.0888000000 6.6189200000 11.2833000000 6.4356000000 11.8441000000
171 1 6 1.2359000000 0 5.5401600000 11.6925000000 -1 -1 -1 -1 -1 -1 5.9058700000 11.1170000000 5.3267700000 10.9961000000 4.8722100000 11.5570000000 5.2053300000 12.3111000000 5.9123200000 12.3085000000 6.1814000000 11.8533000000
172 1 7 0.7857200000 0 0.9925200000 11.7649000000 -1 -1 -1 -1 -1 -1 -1 1.4902700000 11.6571000000 1.1619100000 11.2337000000 0.7702600000 11.2317000000 0.4728330000 11.8034000000 0.6873860000 12.2205000000 1.0513300000 12.3094000000 1.4480400000 12.0294000000
173 1 6 0.5262580000 0 1.9212700000 11.8332000000 -1 -1 -1 -1 -1 -1 1.4480400000 12.0294000000 1.8127800000 12.2423000000 2.3572900000 11.9843000000 2.4036600000 11.6624000000 2.0814300000 11.4289000000 1.4902700000 11.6571000000
174 1 6 0.7219450000 0 2.8888700000 11.9008000000 -1 -1 -1 -1 -1 -1 2.4036600000 11.6624000000 2.3572900000 11.9843000000 2.7839800000 12.4167000000 3.1857800000 12.3347000000 3.4067600000 11.7216000000 3.0646400000 11.3783000000
175 1 6 1.0165600000 0 7.7678300000 11.9797000000 -1 -1 -1 -1 -1 -1 7.4818500000 11.4102000000 7.1913200000 12.2213000000 7.4084900000 12.5355000000 7.9319100000 12.5778000000 8.3865700000 12.0209000000 8.0050400000 11.3300000000
176 1 5 0.4944420000 0 3.6010700000 12.1443000000 -1 -1 -1 -1 -1 3.9263000000 11.7758000000 3.4067600000 11.7216000000 3.1857800000 12.3347000000 3.4990200000 12.6010000000 3.9561900000 12.3878000000
177 1 7 1.3435800000 0 4.5441100000 12.1579000000 -1 -1 -1 -1 -1 -1 -1 3.9561900000 12.3878000000 4.4635200000 12.8805000000 4.9509900000 12.8204000000 5.2053300000 12.3111000000 4.8722100000 11.5570000000 4.4292900000 11.3985000000 3.9263000000 11.7758000000
178 1 5 0.5138270000 0 10.4431000000 12.1754000000 -1 -1 -1 -1 -1 10.5109000000 11.7185000000 9.9828600000 12.0658000000 10.1398000000 12.5422000000 10.6970000000 12.5410000000 10.8988000000 12.0190000000
179 1 6 0.5218220000 0 6.3419800000 12.3117000000 -1 -1 -1 -1 -1 -1 6.2144700000 12.7674000000 6.5718500000 12.7288000000 6.7607200000 12.2779000000 6.4356000000 11.8441000000 6.1814000000 11.8533000000 5.9123200000 12.3085000000
180 1 8 1.0460200000 0 9.5370600000 12.4070000000 -1 -1 -1 -1 -1 -1 -1 -1 9.8182200000 13.0597000000 9.9458400000 13.0136000000 10.1398000000 12.5422000000 9.9828600000 12.0658000000 9.5776700000 11.8481000000 9.0169900000 11.9268000000 8.8797200000 12.0950000000 9.0806400000 12.7057000000
181 1 5 0.6317540000 0 2.2644100000 12.4860000000 -1 -1 -1 -1 -1 1.8690500000 12.8127000000 2.4681500000 12.9620000000 2.7839800000 12.4167000000 2.3572900000 11.9843000000 1.8127800000 12.2423000000
182 1 6 0.5409250000 0 1.4827800000 12.5098000000 -1 -1 -1 -1 -1 -1 1.1454400000 12.7814000000 1.6884400000 12.9687000000 1.8690500000 12.8127000000 1.8127800000 12.2423000000 1.4480400000 12.0294000000 1.0513300000 12.3094000000
183 1 7 1.0313300000 0 8.5022500000 12.6614000000 -1 -1 -1 -1 -1 -1 -1 7.9319100000 12.5778000000 8.0027800000 13.0123000000 8.3825600000 13.3126000000 8.6724700000 13.2731000000 9.0806400000 12.7057000000 8.8797200000 12.0950000000 8.3865700000 12.0209000000
184 1 6 0.5271050000 0 6.9969900000 12.6636000000 -1 -1 -1 -1 -1 -1 7.1913200000 12.2213000000 6.7607200000 12.2779000000 6.5718500000 12.7288000000 6.9011500000 13.1512000000 7.1940100000 13.0890000000 7.4084900000 12.5355000000
185 1 6 0.9322610000 0 5.5936700000 12.7854000000 -1 -1 -1 -1 -1 -1 6.0279700000 13.1983000000 6.2144700000 12.7674000000 5.9123200000 12.3085000000 5.2053300000 12.3111000000 4.9509900000 12.8204000000 5.4249400000 13.3346000000
186 1 5 0.5419530000 0 3.9422900000 12.8408000000 -1 -1 -1 -1 -1 3.5098600000 13.0476000000 4.2283700000 13.2602000000 4.4635200000 12.8805000000 3.9561900000 12.3878000000 3.4990200000 12.6010000000
187 1 7 0.8316640000 0 3.0052600000 12.8953000000 -1 -1 -1 -1 -1 -1 -1 3.5098600000 13.0476000000 3.4990200000 12.6010000000 3.1857800000 12.3347000000 2.7839800000 12.4167000000 2.4681500000 12.9620000000 2.5852500000 13.3365000000 2.9892500000 13.4678000000
188 1 5 0.4317350000 0 7.6063300000 12.8974000000 -1 -1 -1 -1 -1 7.4996300000 13.3171000000 8.0027800000 13.0123000000 7.9319100000 12.5778000000 7.4084900000 12.5355000000 7.1940100000 13.0890000000
189 1 6 0.5439500000 0 6.4595000000 13.1835000000 -1 -1 -1 -1 -1 -1 6.5718500000 12.7288000000 6.2144700000 12.7674000000 6.0279700000 13.1983000000 6.3076300000 13.6204000000 6.6830100000 13.6186000000 6.9011500000 13.1512000000
190 1 5 0.4265300000 0 7.9377500000 13.4074000000 -1 -1 -1 -1 -1 8.0027800000 13.0123000000 7.4996300000 13.3171000000 7.5625200000 13.6725000000 8.2231500000 13.7144000000 8.3825600000 13.3126000000
191 1 7 1.1480300000 0 4.8334300000 13.4709000000 -1 -1 -1 -1 -1 -1 -1 4.4635200000 12.8805000000 4.2283700000 13.2602000000 4.4240100000 13.9575000000 5.0029500000 14.1401000000 5.4022900000 13.8090000000 5.4249400000 13.3346000000 4.9509900000 12.8204000000
192 1 7 0.6137250000 0 7.1270300000 13.5897000000 -1 -1 -1 -1 -1 -1 -1 6.9248300000 14.0678000000 7.2171200000 14.0976000000 7.5625200000 13.6725000000 7.4996300000 13.3171000000 7.1940100000 13.0890000000 6.9011500000 13.1512000000 6.6830100000 13.6186000000
193 1 5 0.5055910000 0 5.8312500000 13.5935000000 -1 -1 -1 -1 -1 6.3076300000 13.6204000000 6.0279700000 13.1983000000 5.4249400000 13.3346000000 5.4022900000 13.8090000000 6.0378400000 14.0006000000
194 1 6 1.3526300000 0 3.6948800000 13.7210000000 -1 -1 -1 -1 -1 -1 2.9892500000 13.4678000000 3.0803300000 14.0818000000 3.8301400000 14.4229000000 4.4240100000 13.9575000000 4.2283700000 13.2602000000 3.5098600000 13.0476000000
195 1 6 0.5641300000 0 6.4719200000 14.0604000000 -1 -1 -1 -1 -1 -1 6.9248300000 14.0678000000 6.6830100000 13.6186000000 6.3076300000 13.6204000000 6.0378400000 14.0006000000 6.2227000000 14.4827000000 6.6014300000 14.5275000000
