196 1
0 1 6 1.0000000000 0 11.1673000000 5.3728500000 -1 -1 -1 -1 -1 -1 11.4775000000 5.9101300000 11.7877000000 5.3728500000 11.4775000000 4.8355600000 10.8571000000 4.8355600000 10.5469000000 5.3728500000 10.8571000000 5.9101300000
1 1 6 1.0000000000 0 8.3754400000 5.9101300000 -1 -1 -1 -1 -1 -1 8.6856500000 6.4474200000 8.9958500000 5.9101300000 8.6856500000 5.3728500000 8.0652400000 5.3728500000 7.7550400000 5.9101300000 8.0652400000 6.4474200000
2 1 6 1.0000000000 0 10.2367000000 5.9101300000 -1 -1 -1 -1 -1 -1 10.5469000000 6.4474200000 10.8571000000 5.9101300000 10.5469000000 5.3728500000 9.9264500000 5.3728500000 9.6162500000 5.9101300000 9.9264500000 6.4474200000
3 1 6 1.0000000000 0 12.0979000000 5.9101300000 -1 -1 -1 -1 -1 -1 12.4081000000 6.4474200000 12.7183000000 5.9101300000 12.4081000000 5.3728500000 11.7877000000 5.3728500000 11.4775000000 5.9101300000 11.7877000000 6.4474200000
4 1 6 1.0000000000 0 13.9591000000 5.9101300000 -1 -1 -1 -1 -1 -1 14.2693000000 6.4474200000 14.5795000000 5.9101300000 14.2693000000 5.3728500000 13.6489000000 5.3728500000 13.3387000000 5.9101300000 13.6489000000 6.4474200000
5 1 6 1.0000000000 0 7.4448400000 6.4474200000 -1 -1 -1 -1 -1 -1 7.7550400000 6.9847000000 8.0652400000 6.4474200000 7.7550400000 5.9101300000 7.1346400000 5.9101300000 6.8244400000 6.4474200000 7.1346400000 6.9847000000
6 1 6 1.0000000000 0 9.3060500000 6.4474200000 -1 -1 -1 -1 -1 -1 9.6162500000 6.9847000000 9.9264500000 6.4474200000 9.6162500000 5.9101300000 8.9958500000 5.9101300000 8.6856500000 6.4474200000 8.9958500000 6.9847000000
7 1 6 1.0000000000 0 11.1673000000 6.4474200000 -1 -1 -1 -1 -1 -1 11.4775000000 6.9847000000 11.7877000000 6.4474200000 11.4775000000 5.9101300000 10.8571000000 5.9101300000 10.5469000000 6.4474200000 10.8571000000 6.9847000000
8 1 6 1.0000000000 0 13.0285000000 6.4474200000 -1 -1 -1 -1 -1 -1 13.3387000000 6.9847000000 13.6489000000 6.4474200000 13.3387000000 5.9101300000 12.7183000000 5.9101300000 12.4081000000 6.4474200000 12.7183000000 6.9847000000
9 1 6 1.0000000000 0 14.8897000000 6.4474200000 -1 -1 -1 -1 -1 -1 15.1999000000 6.9847000000 15.5101000000 6.4474200000 15.1999000000 5.9101300000 14.5795000000 5.9101300000 14.2693000000 6.4474200000 14.5795000000 6.9847000000
10 1 6 1.0000000000 0 6.5142300000 6.9847000000 -1 -1 -1 -1 -1 -1 6.8244400000 7.5219900000 7.1346400000 6.9847000000 6.8244400000 6.4474200000 6.2040300000 6.4474200000 5.8938300000 6.9847000000 6.2040300000 7.5219900000
11 1 6 1.0000000000 0 8.3754400000 6.9847000000 -1 -1 -1 -1 -1 -1 8.6856500000 7.5219900000 8.9958500000 6.9847000000 8.6856500000 6.4474200000 8.0652400000 6.4474200000 7.7550400000 6.9847000000 8.0652400000 7.5219900000
12 1 6 1.0000000000 0 10.2367000000 6.9847000000 -1 -1 -1 -1 -1 -1 10.5469000000 7.5219900000 10.8571000000 6.9847000000 10.5469000000 6.4474200000 9.9264500000 6.4474200000 9.6162500000 6.9847000000 9.9264500000 7.5219900000
13 1 6 1.0000000000 0 12.0979000000 6.9847000000 -1 -1 -1 -1 -1 -1 12.4081000000 7.5219900000 12.7183000000 6.9847000000 12.4081000000 6.4474200000 11.7877000000 6.4474200000 11.4775000000 6.9847000000 11.7877000000 7.5219900000
14 1 6 1.0000000000 0 13.9591000000 6.9847000000 -1 -1 -1 -1 -1 -1 14.2693000000 7.5219900000 14.5795000000 6.9847000000 14.2693000000 6.4474200000 13.6489000000 6.4474200000 13.3387000000 6.9847000000 13.6489000000 7.5219900000
15 1 6 1.0000000000 0 15.8203000000 6.9847000000 -1 -1 -1 -1 -1 -1 16.1305000000 7.5219900000 16.4407000000 6.9847000000 16.1305000000 6.4474200000 15.5101000000 6.4474200000 15.1999000000 6.9847000000 15.5101000000 7.5219900000
16 1 6 1.0000000000 0 7.4448400000 7.5219900000 -1 -1 -1 -1 -1 -1 7.7550400000 8.0592700000 8.0652400000 7.5219900000 7.7550400000 6.9847000000 7.1346400000 6.9847000000 6.8244400000 7.5219900000 7.1346400000 8.0592700000
17 1 6 1.0000000000 0 9.3060500000 7.5219900000 -1 -1 -1 -1 -1 -1 9.6162500000 8.0592700000 9.9264500000 7.5219900000 9.6162500000 6.9847000000 8.9958500000 6.9847000000 8.6856500000 7.5219900000 8.9958500000 8.0592700000
18 1 6 1.0000000000 0 11.1673000000 7.5219900000 -1 -1 -1 -1 -1 -1 11.4775000000 8.0592700000 11.7877000000 7.5219900000 11.4775000000 6.9847000000 10.8571000000 6.9847000000 10.5469000000 7.5219900000 10.8571000000 8.0592700000
19 1 6 1.0000000000 0 13.0285000000 7.5219900000 -1 -1 -1 -1 -1 -1 13.3387000000 8.0592700000 13.6489000000 7.5219900000 13.3387000000 6.9847000000 12.7183000000 6.9847000000 12.4081000000 7.5219900000 12.7183000000 8.0592700000
20 1 6 1.0000000000 0 14.8897000000 7.5219900000 -1 -1 -1 -1 -1 -1 15.1999000000 8.0592700000 15.5101000000 7.5219900000 15.1999000000 6.9847000000 14.5795000000 6.9847000000 14.2693000000 7.5219900000 14.5795000000 8.0592700000
21 1 6 1.0000000000 0 6.5142300000 8.0592700000 -1 -1 -1 -1 -1 -1 6.8244400000 8.5965600000 7.1346400000 8.0592700000 6.8244400000 7.5219900000 6.2040300000 7.5219900000 5.8938300000 8.0592700000 6.2040300000 8.5965600000
22 1 6 1.0000000000 0 8.3754400000 8.0592700000 -1 -1 -1 -1 -1 -1 8.6856500000 8.5965600000 8.9958500000 8.0592700000 8.6856500000 7.5219900000 8.0652400000 7.5219900000 7.7550400000 8.0592700000 8.0652400000 8.5965600000
23 1 6 1.0000000000 0 10.2367000000 8.0592700000 -1 -1 -1 -1 -1 -1 10.5469000000 8.5965600000 10.8571000000 8.0592700000 10.5469000000 7.5219900000 9.9264500000 7.5219900000 9.6162500000 8.0592700000 9.9264500000 8.5965600000
24 1 6 1.0000000000 0 12.0979000000 8.0592700000 -1 -1 -1 -1 -1 -1 12.4081000000 8.5965600000 12.7183000000 8.0592700000 12.4081000000 7.5219900000 11.7877000000 7.5219900000 11.4775000000 8.0592700000 11.7877000000 8.5965600000
25 1 6 1.0000000000 0 13.9591000000 8.0592700000 -1 -1 -1 -1 -1 -1 14.2693000000 8.5965600000 14.5795000000 8.0592700000 14.2693000000 7.5219900000 13.6489000000 7.5219900000 13.3387000000 8.0592700000 13.6489000000 8.5965600000
26 1 6 1.0000000000 0 15.8203000000 8.0592700000 -1 -1 -1 -1 -1 -1 16.1305000000 8.5965600000 16.4407000000 8.0592700000 16.1305000000 7.5219900000 15.5101000000 7.5219900000 15.1999000000 8.0592700000 15.5101000000 8.5965600000
27 1 6 1.0000000000 0 5.5836300000 8.5965600000 -1 -1 -1 -1 -1 -1 5.8938300000 9.1338400000 6.2040300000 8.5965600000 5.8938300000 8.0592700000 5.2734300000 8.0592700000 4.9632300000 8.5965600000 5.2734300000 9.1338400000
28 1 6 1.0000000000 0 7.4448400000 8.5965600000 -1 -1 -1 -1 -1 -1 7.7550400000 9.1338400000 8.0652400000 8.5965600000 7.7550400000 8.0592700000 7.1346400000 8.0592700000 6.8244400000 8.5965600000 7.1346400000 9.1338400000
29 1 6 1.0000000000 0 9.3060500000 8.5965600000 -1 -1 -1 -1 -1 -1 9.6162500000 9.1338400000 9.9264500000 8.5965600000 9.6162500000 8.0592700000 8.9958500000 8.0592700000 8.6856500000 8.5965600000 8.9958500000 9.1338400000
30 1 6 1.0000000000 0 11.1673000000 8.5965600000 -1 -1 -1 -1 -1 -1 11.4775000000 9.1338400000 11.7877000000 8.5965600000 11.4775000000 8.0592700000 10.8571000000 8.0592700000 10.5469000000 8.5965600000 10.8571000000 9.1338400000
31 1 6 1.0000000000 0 13.0285000000 8.5965600000 -1 -1 -1 -1 -1 -1 13.3387000000 9.1338400000 13.6489000000 8.5965600000 13.3387000000 8.0592700000 12.7183000000 8.0592700000 12.4081000000 8.5965600000 12.7183000000 9.1338400000
32 1 6 1.0000000000 0 14.8897000000 8.5965600000 -1 -1 -1 -1 -1 -1 15.1999000000 9.1338400000 15.5101000000 8.5965600000 15.1999000000 8.0592700000 14.5795000000 8.0592700000 14.2693000000 8.5965600000 14.5795000000 9.1338400000
33 1 6 1.0000000000 0 16.7509000000 8.5965600000 -1 -1 -1 -1 -1 -1 17.0611000000 9.1338400000 17.3713000000 8.5965600000 17.0611000000 8.0592700000 16.4407000000 8.0592700000 16.1305000000 8.5965600000 16.4407000000 9.1338400000
34 1 6 1.0000000000 0 4.6530200000 9.1338400000 -1 -1 -1 -1 -1 -1 4.9632300000 9.6711300000 5.2734300000 9.1338400000 4.9632300000 8.5965600000 4.3428200000 8.5965600000 4.0326200000 9.1338400000 4.3428200000 9.6711300000
35 1 6 1.0000000000 0 6.5142300000 9.1338400000 -1 -1 -1 -1 -1 -1 6.8244400000 9.6711300000 7.1346400000 9.1338400000 6.8244400000 8.5965600000 6.2040300000 8.5965600000 5.8938300000 9.1338400000 6.2040300000 9.6711300000
36 1 6 1.0000000000 0 8.3754400000 9.1338400000 -1 -1 -1 -1 -1 -1 8.6856500000 9.6711300000 8.9958500000 9.1338400000 8.6856500000 8.5965600000 8.0652400000 8.5965600000 7.7550400000 9.1338400000 8.0652400000 9.6711300000
37 1 6 1.0000000000 0 10.2367000000 9.1338400000 -1 -1 -1 -1 -1 -1 10.5469000000 9.6711300000 10.8571000000 9.1338400000 10.5469000000 8.5965600000 9.9264500000 8.5965600000 9.6162500000 9.1338400000 9.9264500000 9.6711300000
38 1 6 1.0000000000 0 12.0979000000 9.1338400000 -1 -1 -1 -1 -1 -1 12.4081000000 9.6711300000 12.7183000000 9.1338400000 12.4081000000 8.5965600000 11.7877000000 8.5965600000 11.4775000000 9.1338400000 11.7877000000 9.6711300000
39 1 6 1.0000000000 0 13.9591000000 9.1338400000 -1 -1 -1 -1 -1 -1 14.2693000000 9.6711300000 14.5795000000 9.1338400000 14.2693000000 8.5965600000 13.6489000000 8.5965600000 13.3387000000 9.1338400000 13.6489000000 9.6711300000
40 1 6 1.0000000000 0 15.8203000000 9.1338400000 -1 -1 -1 -1 -1 -1 16.1305000000 9.6711300000 16.4407000000 9.1338400000 16.1305000000 8.5965600000 15.5101000000 8.5965600000 15.1999000000 9.1338400000 15.5101000000 9.6711300000
41 1 6 1.0000000000 0 17.6815000000 9.1338400000 -1 -1 -1 -1 -1 -1 17.9917000000 9.6711300000 18.3019000000 9.1338400000 17.9917000000 8.5965600000 17.3713000000 8.5965600000 17.0611000000 9.1338400000 17.3713000000 9.6711300000
42 1 6 1.0000000000 0 5.5836300000 9.6711300000 -1 -1 -1 -1 -1 -1 5.8938300000 10.2084000000 6.2040300000 9.6711300000 5.8938300000 9.1338400000 5.2734300000 9.1338400000 4.9632300000 9.6711300000 5.2734300000 10.2084000000
43 1 6 1.0000000000 0 7.4448400000 9.6711300000 -1 -1 -1 -1 -1 -1 7.7550400000 10.2084000000 8.0652400000 9.6711300000 7.7550400000 9.1338400000 7.1346400000 9.1338400000 6.8244400000 9.6711300000 7.1346400000 10.2084000000
44 1 6 1.0000000000 0 9.3060500000 9.6711300000 -1 -1 -1 -1 -1 -1 9.6162500000 10.2084000000 9.9264500000 9.6711300000 9.6162500000 9.1338400000 8.9958500000 9.1338400000 8.6856500000 9.6711300000 8.9958500000 10.2084000000
45 1 6 1.0000000000 0 11.1673000000 9.6711300000 -1 -1 -1 -1 -1 -1 11.4775000000 10.2084000000 11.7877000000 9.6711300000 11.4775000000 9.1338400000 10.8571000000 9.1338400000 10.5469000000 9.6711300000 10.8571000000 10.2084000000
46 1 6 1.0000000000 0 13.0285000000 9.6711300000 -1 -1 -1 -1 -1 -1 13.3387000000 10.2084000000 13.6489000000 9.6711300000 13.3387000000 9.1338400000 12.7183000000 9.1338400000 12.4081000000 9.6711300000 12.7183000000 10.2084000000
47 1 6 1.0000000000 0 14.8897000000 9.6711300000 -1 -1 -1 -1 -1 -1 15.1999000000 10.2084000000 15.5101000000 9.6711300000 15.1999000000 9.1338400000 14.5795000000 9.1338400000 14.2693000000 9.6711300000 14.5795000000 10.2084000000
48 1 6 1.0000000000 0 16.7509000000 9.6711300000 -1 -1 -1 -1 -1 -1 17.0611000000 10.2084000000 17.3713000000 9.6711300000 17.0611000000 9.1338400000 16.4407000000 9.1338400000 16.1305000000 9.6711300000 16.4407000000 10.2084000000
49 1 6 1.0000000000 0 4.6530200000 10.2084000000 -1 -1 -1 -1 -1 -1 4.9632300000 10.7457000000 5.2734300000 10.2084000000 4.9632300000 9.6711300000 4.3428200000 9.6711300000 4.0326200000 10.2084000000 4.3428200000 10.7457000000
50 1 6 1.0000000000 0 6.5142300000 10.2084000000 -1 -1 -1 -1 -1 -1 6.8244400000 10.7457000000 7.1346400000 10.2084000000 6.8244400000 9.6711300000 6.2040300000 9.6711300000 5.8938300000 10.2084000000 6.2040300000 10.7457000000
51 1 6 1.0000000000 0 8.3754400000 10.2084000000 -1 -1 -1 -1 -1 -1 8.6856500000 10.7457000000 8.9958500000 10.2084000000 8.6856500000 9.6711300000 8.0652400000 9.6711300000 7.7550400000 10.2084000000 8.0652400000 10.7457000000
52 1 6 1.0000000000 0 10.2367000000 10.2084000000 -1 -1 -1 -1 -1 -1 10.5469000000 10.7457000000 10.8571000000 10.2084000000 10.5469000000 9.6711300000 9.9264500000 9.6711300000 9.6162500000 10.2084000000 9.9264500000 10.7457000000
53 1 6 1.0000000000 0 12.0979000000 10.2084000000 -1 -1 -1 -1 -1 -1 12.4081000000 10.7457000000 12.7183000000 10.2084000000 12.4081000000 9.6711300000 11.7877000000 9.6711300000 11.4775000000 10.2084000000 11.7877000000 10.7457000000
54 1 6 1.0000000000 0 13.9591000000 10.2084000000 -1 -1 -1 -1 -1 -1 14.2693000000 10.7457000000 14.5795000000 10.2084000000 14.2693000000 9.6711300000 13.6489000000 9.6711300000 13.3387000000 10.2084000000 13.6489000000 10.7457000000
55 1 6 1.0000000000 0 15.8203000000 10.2084000000 -1 -1 -1 -1 -1 -1 16.1305000000 10.7457000000 16.4407000000 10.2084000000 16.1305000000 9.6711300000 15.5101000000 9.6711300000 15.1999000000 10.2084000000 15.5101000000 10.7457000000
56 1 6 1.0000000000 0 17.6815000000 10.2084000000 -1 -1 -1 -1 -1 -1 17.9917000000 10.7457000000 18.3019000000 10.2084000000 17.9917000000 9.6711300000 17.3713000000 9.6711300000 17.0611000000 10.2084000000 17.3713000000 10.7457000000
57 1 6 1.0000000000 0 3.7224200000 10.7457000000 -1 -1 -1 -1 -1 -1 4.0326200000 11.2830000000 4.3428200000 10.7457000000 4.0326200000 10.2084000000 3.4122200000 10.2084000000 3.1020200000 10.7457000000 3.4122200000 11.2830000000
58 1 6 1.0000000000 0 5.5836300000 10.7457000000 -1 -1 -1 -1 -1 -1 5.8938300000 11.2830000000 6.2040300000 10.7457000000 5.8938300000 10.2084000000 5.2734300000 10.2084000000 4.9632300000 10.7457000000 5.2734300000 11.2830000000
59 1 6 1.0000000000 0 7.4448400000 10.7457000000 -1 -1 -1 -1 -1 -1 7.7550400000 11.2830000000 8.0652400000 10.7457000000 7.7550400000 10.2084000000 7.1346400000 10.2084000000 6.8244400000 10.7457000000 7.1346400000 11.2830000000
60 1 6 1.0000000000 0 9.3060500000 10.7457000000 -1 -1 -1 -1 -1 -1 9.6162500000 11.2830000000 9.9264500000 10.7457000000 9.6162500000 10.2084000000 8.9958500000 10.2084000000 8.6856500000 10.7457000000 8.9958500000 11.2830000000
61 1 6 1.0000000000 0 11.1673000000 10.7457000000 -1 -1 -1 -1 -1 -1 11.4775000000 11.2830000000 11.7877000000 10.7457000000 11.4775000000 10.2084000000 10.8571000000 10.2084000000 10.5469000000 10.7457000000 10.8571000000 11.2830000000
62 1 6 1.0000000000 0 13.0285000000 10.7457000000 -1 -1 -1 -1 -1 -1 13.3387000000 11.2830000000 13.6489000000 10.7457000000 13.3387000000 10.2084000000 12.7183000000 10.2084000000 12.4081000000 10.7457000000 12.7183000000 11.2830000000
63 1 6 1.0000000000 0 14.8897000000 10.7457000000 -1 -1 -1 -1 -1 -1 15.1999000000 11.2830000000 15.5101000000 10.7457000000 15.1999000000 10.2084000000 14.5795000000 10.2084000000 14.2693000000 10.7457000000 14.5795000000 11.2830000000
64 1 6 1.0000000000 0 16.7509000000 10.7457000000 -1 -1 -1 -1 -1 -1 17.0611000000 11.2830000000 17.3713000000 10.7457000000 17.0611000000 10.2084000000 16.4407000000 10.2084000000 16.1305000000 10.7457000000 16.4407000000 11.2830000000
65 1 6 1.0000000000 0 18.6121000000 10.7457000000 -1 -1 -1 -1 -1 -1 18.9223000000 11.2830000000 19.2325000000 10.7457000000 18.9223000000 10.2084000000 18.3019000000 10.2084000000 17.9917000000 10.7457000000 18.3019000000 11.2830000000
66 1 6 1.0000000000 0 4.6530200000 11.2830000000 -1 -1 -1 -1 -1 -1 4.9632300000 11.8203000000 5.2734300000 11.2830000000 4.9632300000 10.7457000000 4.3428200000 10.7457000000 4.0326200000 11.2830000000 4.3428200000 11.8203000000
67 1 6 1.0000000000 0 6.5142300000 11.2830000000 -1 -1 -1 -1 -1 -1 6.8244400000 11.8203000000 7.1346400000 11.2830000000 6.8244400000 10.7457000000 6.2040300000 10.7457000000 5.8938300000 11.2830000000 6.2040300000 11.8203000000
68 1 6 1.0000000000 0 8.3754400000 11.2830000000 -1 -1 -1 -1 -1 -1 8.6856500000 11.8203000000 8.9958500000 11.2830000000 8.6856500000 10.7457000000 8.0652400000 10.7457000000 7.7550400000 11.2830000000 8.0652400000 11.8203000000
69 1 6 1.0000000000 0 10.2367000000 11.2830000000 -1 -1 -1 -1 -1 -1 10.5469000000 11.8203000000 10.8571000000 11.2830000000 10.5469000000 10.7457000000 9.9264500000 10.7457000000 9.6162500000 11.2830000000 9.9264500000 11.8203000000
70 1 6 1.0000000000 0 12.0979000000 11.2830000000 -1 -1 -1 -1 -1 -1 12.4081000000 11.8203000000 12.7183000000 11.2830000000 12.4081000000 10.7457000000 11.7877000000 10.7457000000 11.4775000000 11.2830000000 11.7877000000 11.8203000000
71 1 6 1.0000000000 0 13.9591000000 11.2830000000 -1 -1 -1 -1 -1 -1 14.2693000000 11.8203000000 14.5795000000 11.2830000000 14.2693000000 10.7457000000 13.6489000000 10.7457000000 13.3387000000 11.2830000000 13.6489000000 11.8203000000
72 1 6 1.0000000000 0 15.8203000000 11.2830000000 -1 -1 -1 -1 -1 -1 16.1305000000 11.8203000000 16.4407000000 11.2830000000 16.1305000000 10.7457000000 15.5101000000 10.7457000000 15.1999000000 11.2830000000 15.5101000000 11.8203000000
73 1 6 1.0000000000 0 17.6815000000 11.2830000000 -1 -1 -1 -1 -1 -1 17.9917000000 11.8203000000 18.3019000000 11.2830000000 17.9917000000 10.7457000000 17.3713000000 10.7457000000 17.0611000000 11.2830000000 17.3713000000 11.8203000000
74 1 6 1.0000000000 0 3.7224200000 11.8203000000 -1 -1 -1 -1 -1 -1 4.0326200000 12.3576000000 4.3428200000 11.8203000000 4.0326200000 11.2830000000 3.4122200000 11.2830000000 3.1020200000 11.8203000000 3.4122200000 12.3576000000
75 1 6 1.0000000000 0 5.5836300000 11.8203000000 -1 -1 -1 -1 -1 -1 5.8938300000 12.3576000000 6.2040300000 11.8203000000 5.8938300000 11.2830000000 5.2734300000 11.2830000000 4.9632300000 11.8203000000 5.2734300000 12.3576000000
76 1 6 1.0000000000 0 7.4448400000 11.8203000000 -1 -1 -1 -1 -1 -1 7.7550400000 12.3576000000 8.0652400000 11.8203000000 7.7550400000 11.2830000000 7.1346400000 11.2830000000 6.8244400000 11.8203000000 7.1346400000 12.3576000000
77 1 6 1.0000000000 0 9.3060500000 11.8203000000 -1 -1 -1 -1 -1 -1 9.6162500000 12.3576000000 9.9264500000 11.8203000000 9.6162500000 11.2830000000 8.9958500000 11.2830000000 8.6856500000 11.8203000000 8.9958500000 12.3576000000
78 1 6 1.0000000000 0 11.1673000000 11.8203000000 -1 -1 -1 -1 -1 -1 11.4775000000 12.3576000000 11.7877000000 11.8203000000 11.4775000000 11.2830000000 10.8571000000 11.2830000000 10.5469000000 11.8203000000 10.8571000000 12.3576000000
79 1 6 1.0000000000 0 13.0285000000 11.8203000000 -1 -1 -1 -1 -1 -1 13.3387000000 12.3576000000 13.6489000000 11.8203000000 13.3387000000 11.2830000000 12.7183000000 11.2830000000 12.4081000000 11.8203000000 12.7183000000 12.3576000000
80 1 6 1.0000000000 0 14.8897000000 11.8203000000 -1 -1 -1 -1 -1 -1 15.1999000000 12.3576000000 15.5101000000 11.8203000000 15.1999000000 11.2830000000 14.5795000000 11.2830000000 14.2693000000 11.8203000000 14.5795000000 12.3576000000
81 1 6 1.0000000000 0 16.7509000000 11.8203000000 -1 -1 -1 -1 -1 -1 17.0611000000 12.3576000000 17.3713000000 11.8203000000 17.0611000000 11.2830000000 16.4407000000 11.2830000000 16.1305000000 11.8203000000 16.4407000000 12.3576000000
82 1 6 1.0000000000 0 18.6121000000 11.8203000000 -1 -1 -1 -1 -1 -1 18.9223000000 12.3576000000 19.2325000000 11.8203000000 18.9223000000 11.2830000000 18.3019000000 11.2830000000 17.9917000000 11.8203000000 18.3019000000 12.3576000000
83 1 6 1.0000000000 0 4.6530200000 12.3576000000 -1 -1 -1 -1 -1 -1 4.9632300000 12.8948000000 5.2734300000 12.3576000000 4.9632300000 11.8203000000 4.3428200000 11.8203000000 4.0326200000 12.3576000000 4.3428200000 12.8948000000
84 1 6 1.0000000000 0 6.5142300000 12.3576000000 -1 -1 -1 -1 -1 -1 6.8244400000 12.8948000000 7.1346400000 12.3576000000 6.8244400000 11.8203000000 6.2040300000 11.8203000000 5.8938300000 12.3576000000 6.2040300000 12.8948000000
85 1 6 1.0000000000 0 8.3754400000 12.3576000000 -1 -1 -1 -1 -1 -1 8.6856500000 12.8948000000 8.9958500000 12.3576000000 8.6856500000 11.8203000000 8.0652400000 11.8203000000 7.7550400000 12.3576000000 8.0652400000 12.8948000000
86 1 6 1.0000000000 0 10.2367000000 12.3576000000 -1 -1 -1 -1 -1 -1 10.5469000000 12.8948000000 10.8571000000 12.3576000000 10.5469000000 11.8203000000 9.9264500000 11.8203000000 9.6162500000 12.3576000000 9.9264500000 12.8948000000
87 1 6 1.0000000000 0 12.0979000000 12.3576000000 -1 -1 -1 -1 -1 -1 12.4081000000 12.8948000000 12.7183000000 12.3576000000 12.4081000000 11.8203000000 11.7877000000 11.8203000000 11.4775000000 12.3576000000 11.7877000000 12.8948000000
88 1 6 1.0000000000 0 13.9591000000 12.3576000000 -1 -1 -1 -1 -1 -1 14.2693000000 12.8948000000 14.5795000000 12.3576000000 14.2693000000 11.8203000000 13.6489000000 11.8203000000 13.3387000000 12.3576000000 13.6489000000 12.8948000000
89 1 6 1.0000000000 0 15.8203000000 12.3576000000 -1 -1 -1 -1 -1 -1 16.1305000000 12.8948000000 16.4407000000 12.3576000000 16.1305000000 11.8203000000 15.5101000000 11.8203000000 15.1999000000 12.3576000000 15.5101000000 12.8948000000
90 1 6 1.0000000000 0 17.6815000000 12.3576000000 -1 -1 -1 -1 -1 -1 17.9917000000 12.8948000000 18.3019000000 12.3576000000 17.9917000000 11.8203000000 17.3713000000 11.8203000000 17.0611000000 12.3576000000 17.3713000000 12.8948000000
91 1 6 1.0000000000 0 3.7224200000 12.8948000000 -1 -1 -1 -1 -1 -1 4.0326200000 13.4321000000 4.3428200000 12.8948000000 4.0326200000 12.3576000000 3.4122200000 12.3576000000 3.1020200000 12.8948000000 3.4122200000 13.4321000000
92 1 6 1.0000000000 0 5.5836300000 12.8948000000 -1 -1 -1 -1 -1 -1 5.8938300000 13.4321000000 6.2040300000 12.8948000000 5.8938300000 12.3576000000 5.2734300000 12.3576000000 4.9632300000 12.8948000000 5.2734300000 13.4321000000
93 1 6 1.0000000000 0 7.4448400000 12.8948000000 -1 -1 -1 -1 -1 -1 7.7550400000 13.4321000000 8.0652400000 12.8948000000 7.7550400000 12.3576000000 7.1346400000 12.3576000000 6.8244400000 12.8948000000 7.1346400000 13.4321000000
94 1 6 1.0000000000 0 9.3060500000 12.8948000000 -1 -1 -1 -1 -1 -1 9.6162500000 13.4321000000 9.9264500000 12.8948000000 9.6162500000 12.3576000000 8.9958500000 12.3576000000 8.6856500000 12.8948000000 8.9958500000 13.4321000000
95 1 6 1.0000000000 0 11.1673000000 12.8948000000 -1 -1 -1 -1 -1 -1 11.4775000000 13.4321000000 11.7877000000 12.8948000000 11.4775000000 12.3576000000 10.8571000000 12.3576000000 10.5469000000 12.8948000000 10.8571000000 13.4321000000
96 1 6 1.0000000000 0 13.0285000000 12.8948000000 -1 -1 -1 -1 -1 -1 13.3387000000 13.4321000000 13.6489000000 12.8948000000 13.3387000000 12.3576000000 12.7183000000 12.3576000000 12.4081000000 12.8948000000 12.7183000000 13.4321000000
97 1 6 1.0000000000 0 14.8897000000 12.8948000000 -1 -1 -1 -1 -1 -1 15.1999000000 13.4321000000 15.5101000000 12.8948000000 15.1999000000 12.3576000000 14.5795000000 12.3576000000 14.2693000000 12.8948000000 14.5795000000 13.4321000000
98 1 6 1.0000000000 0 16.7509000000 12.8948000000 -1 -1 -1 -1 -1 -1 17.0611000000 13.4321000000 17.3713000000 12.8948000000 17.0611000000 12.3576000000 16.4407000000 12.3576000000 16.1305000000 12.8948000000 16.4407000000 13.4321000000
99 1 6 1.0000000000 0 18.6121000000 12.8948000000 -1 -1 -1 -1 -1 -1 18.9223000000 13.4321000000 19.2325000000 12.8948000000 18.9223000000 12.3576000000 18.3019000000 12.3576000000 17.9917000000 12.8948000000 18.3019000000 13.4321000000
100 1 6 1.0000000000 0 4.6530200000 13.4321000000 -1 -1 -1 -1 -1 -1 4.9632300000 13.9694000000 5.2734300000 13.4321000000 4.9632300000 12.8948000000 4.3428200000 12.8948000000 4.0326200000 13.4321000000 4.3428200000 13.9694000000
101 1 6 1.0000000000 0 6.5142300000 13.4321000000 -1 -1 -1 -1 -1 -1 6.8244400000 13.9694000000 7.1346400000 13.4321000000 6.8244400000 12.8948000000 6.2040300000 12.8948000000 5.8938300000 13.4321000000 6.2040300000 13.9694000000
102 1 6 1.0000000000 0 8.3754400000 13.4321000000 -1 -1 -1 -1 -1 -1 8.6856500000 13.9694000000 8.9958500000 13.4321000000 8.6856500000 12.8948000000 8.0652400000 12.8948000000 7.7550400000 13.4321000000 8.0652400000 13.9694000000
103 1 6 1.0000000000 0 10.2367000000 13.4321000000 -1 -1 -1 -1 -1 -1 10.5469000000 13.9694000000 10.8571000000 13.4321000000 10.5469000000 12.8948000000 9.9264500000 12.8948000000 9.6162500000 13.4321000000 9.9264500000 13.9694000000
104 1 6 1.0000000000 0 12.0979000000 13.4321000000 -1 -1 -1 -1 -1 -1 12.4081000000 13.9694000000 12.7183000000 13.4321000000 12.4081000000 12.8948000000 11.7877000000 12.8948000000 11.4775000000 13.4321000000 11.7877000000 13.9694000000
105 1 6 1.0000000000 0 13.9591000000 13.4321000000 -1 -1 -1 -1 -1 -1 14.2693000000 13.9694000000 14.5795000000 13.4321000000 14.2693000000 12.8948000000 13.6489000000 12.8948000000 13.3387000000 13.4321000000 13.6489000000 13.9694000000
106 1 6 1.0000000000 0 15.8203000000 13.4321000000 -1 -1 -1 -1 -1 -1 16.1305000000 13.9694000000 16.4407000000 13.4321000000 16.1305000000 12.8948000000 15.5101000000 12.8948000000 15.1999000000 13.4321000000 15.5101000000 13.9694000000
107 1 6 1.0000000000 0 17.6815000000 13.4321000000 -1 -1 -1 -1 -1 -1 17.9917000000 13.9694000000 18.3019000000 13.4321000000 17.9917000000 12.8948000000 17.3713000000 12.8948000000 17.0611000000 13.4321000000 17.3713000000 13.9694000000
108 1 6 1.0000000000 0 3.7224200000 13.9694000000 -1 -1 -1 -1 -1 -1 4.0326200000 14.5067000000 4.3428200000 13.9694000000 4.0326200000 13.4321000000 3.4122200000 13.4321000000 3.1020200000 13.9694000000 3.4122200000 14.5067000000
109 1 6 1.0000000000 0 5.5836300000 13.9694000000 -1 -1 -1 -1 -1 -1 5.8938300000 14.5067000000 6.2040300000 13.9694000000 5.8938300000 13.4321000000 5.2734300000 13.4321000000 4.9632300000 13.9694000000 5.2734300000 14.5067000000
110 1 6 1.0000000000 0 7.4448400000 13.9694000000 -1 -1 -1 -1 -1 -1 7.7550400000 14.5067000000 8.0652400000 13.9694000000 7.7550400000 13.4321000000 7.1346400000 13.4321000000 6.8244400000 13.9694000000 7.1346400000 14.5067000000
111 1 6 1.0000000000 0 9.3060500000 13.9694000000 -1 -1 -1 -1 -1 -1 9.6162500000 14.5067000000 9.9264500000 13.9694000000 9.6162500000 13.4321000000 8.9958500000 13.4321000000 8.6856500000 13.9694000000 8.9958500000 14.5067000000
112 1 6 1.0000000000 0 11.1673000000 13.9694000000 -1 -1 -1 -1 -1 -1 11.4775000000 14.5067000000 11.7877000000 13.9694000000 11.4775000000 13.4321000000 10.8571000000 13.4321000000 10.5469000000 13.9694000000 10.8571000000 14.5067000000
113 1 6 1.0000000000 0 13.0285000000 13.9694000000 -1 -1 -1 -1 -1 -1 13.3387000000 14.5067000000 13.6489000000 13.9694000000 13.3387000000 13.4321000000 12.7183000000 13.4321000000 12.4081000000 13.9694000000 12.7183000000 14.5067000000
114 1 6 1.0000000000 0 14.8897000000 13.9694000000 -1 -1 -1 -1 -1 -1 15.1999000000 14.5067000000 15.5101000000 13.9694000000 15.1999000000 13.4321000000 14.5795000000 13.4321000000 14.2693000000 13.9694000000 14.5795000000 14.5067000000
115 1 6 1.0000000000 0 16.7509000000 13.9694000000 -1 -1 -1 -1 -1 -1 17.0611000000 14.5067000000 17.3713000000 13.9694000000 17.0611000000 13.4321000000 16.4407000000 13.4321000000 16.1305000000 13.9694000000 16.4407000000 14.5067000000
116 1 6 1.0000000000 0 18.6121000000 13.9694000000 -1 -1 -1 -1 -1 -1 18.9223000000 14.5067000000 19.2325000000 13.9694000000 18.9223000000 13.4321000000 18.3019000000 13.4321000000 17.9917000000 13.9694000000 18.3019000000 14.5067000000
117 1 6 1.0000000000 0 4.6530200000 14.5067000000 -1 -1 -1 -1 -1 -1 4.9632300000 15.0440000000 5.2734300000 14.5067000000 4.9632300000 13.9694000000 4.3428200000 13.9694000000 4.0326200000 14.5067000000 4.3428200000 15.0440000000
118 1 6 1.0000000000 0 6.5142300000 14.5067000000 -1 -1 -1 -1 -1 -1 6.8244400000 15.0440000000 7.1346400000 14.5067000000 6.8244400000 13.9694000000 6.2040300000 13.9694000000 5.8938300000 14.5067000000 6.2040300000 15.0440000000
119 1 6 1.0000000000 0 8.3754400000 14.5067000000 -1 -1 -1 -1 -1 -1 8.6856500000 15.0440000000 8.9958500000 14.5067000000 8.6856500000 13.9694000000 8.0652400000 13.9694000000 7.7550400000 14.5067000000 8.0652400000 15.0440000000
120 1 6 1.0000000000 0 10.2367000000 14.5067000000 -1 -1 -1 -1 -1 -1 10.5469000000 15.0440000000 10.8571000000 14.5067000000 10.5469000000 13.9694000000 9.9264500000 13.9694000000 9.6162500000 14.5067000000 9.9264500000 15.0440000000
121 1 6 1.0000000000 0 12.0979000000 14.5067000000 -1 -1 -1 -1 -1 -1 12.4081000000 15.0440000000 12.7183000000 14.5067000000 12.4081000000 13.9694000000 11.7877000000 13.9694000000 11.4775000000 14.5067000000 11.7877000000 15.0440000000
122 1 6 1.0000000000 0 13.9591000000 14.5067000000 -1 -1 -1 -1 -1 -1 14.2693000000 15.0440000000 14.5795000000 14.5067000000 14.2693000000 13.9694000000 13.6489000000 13.9694000000 13.3387000000 14.5067000000 13.6489000000 15.0440000000
123 1 6 1.0000000000 0 15.8203000000 14.5067000000 -1 -1 -1 -1 -1 -1 16.1305000000 15.0440000000 16.4407000000 14.5067000000 16.1305000000 13.9694000000 15.5101000000 13.9694000000 15.1999000000 14.5067000000 15.5101000000 15.0440000000
124 1 6 1.0000000000 0 17.6815000000 14.5067000000 -1 -1 -1 -1 -1 -1 17.9917000000 15.0440000000 18.3019000000 14.5067000000 17.9917000000 13.9694000000 17.3713000000 13.9694000000 17.0611000000 14.5067000000 17.3713000000 15.0440000000
125 1 6 1.0000000000 0 3.7224200000 15.0440000000 -1 -1 -1 -1 -1 -1 4.0326200000 15.5813000000 4.3428200000 15.0440000000 4.0326200000 14.5067000000 3.4122200000 14.5067000000 3.1020200000 15.0440000000 3.4122200000 15.5813000000
126 1 6 1.0000000000 0 5.5836300000 15.0440000000 -1 -1 -1 -1 -1 -1 5.8938300000 15.5813000000 6.2040300000 15.0440000000 5.8938300000 14.5067000000 5.2734300000 14.5067000000 4.9632300000 15.0440000000 5.2734300000 15.5813000000
127 1 6 1.0000000000 0 7.4448400000 15.0440000000 -1 -1 -1 -1 -1 -1 7.7550400000 15.5813000000 8.0652400000 15.0440000000 7.7550400000 14.5067000000 7.1346400000 14.5067000000 6.8244400000 15.0440000000 7.1346400000 15.5813000000
128 1 6 1.0000000000 0 9.3060500000 15.0440000000 -1 -1 -1 -1 -1 -1 9.6162500000 15.5813000000 9.9264500000 15.0440000000 9.6162500000 14.5067000000 8.9958500000 14.5067000000 8.6856500000 15.0440000000 8.9958500000 15.5813000000
129 1 6 1.0000000000 0 11.1673000000 15.0440000000 -1 -1 -1 -1 -1 -1 11.4775000000 15.5813000000 11.7877000000 15.0440000000 11.4775000000 14.5067000000 10.8571000000 14.5067000000 10.5469000000 15.0440000000 10.8571000000 15.5813000000
130 1 6 1.0000000000 0 13.0285000000 15.0440000000 -1 -1 -1 -1 -1 -1 13.3387000000 15.5813000000 13.6489000000 15.0440000000 13.3387000000 14.5067000000 12.7183000000 14.5067000000 12.4081000000 15.0440000000 12.7183000000 15.5813000000
131 1 6 1.0000000000 0 14.8897000000 15.0440000000 -1 -1 -1 -1 -1 -1 15.1999000000 15.5813000000 15.5101000000 15.0440000000 15.1999000000 14.5067000000 14.5795000000 14.5067000000 14.2693000000 15.0440000000 14.5795000000 15.5813000000
132 1 6 1.0000000000 0 16.7509000000 15.0440000000 -1 -1 -1 -1 -1 -1 17.0611000000 15.5813000000 17.3713000000 15.0440000000 17.0611000000 14.5067000000 16.4407000000 14.5067000000 16.1305000000 15.0440000000 16.4407000000 15.5813000000
133 1 6 1.0000000000 0 18.6121000000 15.0440000000 -1 -1 -1 -1 -1 -1 18.9223000000 15.5813000000 19.2325000000 15.0440000000 18.9223000000 14.5067000000 18.3019000000 14.5067000000 17.9917000000 15.0440000000 18.3019000000 15.5813000000
134 1 6 1.0000000000 0 4.6530200000 15.5813000000 -1 -1 -1 -1 -1 -1 4.9632300000 16.1185000000 5.2734300000 15.5813000000 4.9632300000 15.0440000000 4.3428200000 15.0440000000 4.0326200000 15.5813000000 4.3428200000 16.1185000000
135 1 6 1.0000000000 0 6.5142300000 15.5813000000 -1 -1 -1 -1 -1 -1 6.8244400000 16.1185000000 7.1346400000 15.5813000000 6.8244400000 15.0440000000 6.2040300000 15.0440000000 5.8938300000 15.5813000000 6.2040300000 16.1185000000
136 1 6 1.0000000000 0 8.3754400000 15.5813000000 -1 -1 -1 -1 -1 -1 8.6856500000 16.1185000000 8.9958500000 15.5813000000 8.6856500000 15.0440000000 8.0652400000 15.0440000000 7.7550400000 15.5813000000 8.0652400000 16.1185000000
137 1 6 1.0000000000 0 10.2367000000 15.5813000000 -1 -1 -1 -1 -1 -1 10.5469000000 16.1185000000 10.8571000000 15.5813000000 10.5469000000 15.0440000000 9.9264500000 15.0440000000 9.6162500000 15.5813000000 9.9264500000 16.1185000000
138 1 6 1.0000000000 0 12.0979000000 15.5813000000 -1 -1 -1 -1 -1 -1 12.4081000000 16.1185000000 12.7183000000 15.5813000000 12.4081000000 15.0440000000 11.7877000000 15.0440000000 11.4775000000 15.5813000000 11.7877000000 16.1185000000
139 1 6 1.0000000000 0 13.9591000000 15.5813000000 -1 -1 -1 -1 -1 -1 14.2693000000 16.1185000000 14.5795000000 15.5813000000 14.2693000000 15.0440000000 13.6489000000 15.0440000000 13.3387000000 15.5813000000 13.6489000000 16.1185000000
140 1 6 1.0000000000 0 15.8203000000 15.5813000000 -1 -1 -1 -1 -1 -1 16.1305000000 16.1185000000 16.4407000000 15.5813000000 16.1305000000 15.0440000000 15.5101000000 15.0440000000 15.1999000000 15.5813000000 15.5101000000 16.1185000000
141 1 6 1.0000000000 0 17.6815000000 15.5813000000 -1 -1 -1 -1 -1 -1 17.9917000000 16.1185000000 18.3019000000 15.5813000000 17.9917000000 15.0440000000 17.3713000000 15.0440000000 17.0611000000 15.5813000000 17.3713000000 16.1185000000
142 1 6 1.0000000000 0 5.5836300000 16.1185000000 -1 -1 -1 -1 -1 -1 5.8938300000 16.6558000000 6.2040300000 16.1185000000 5.8938300000 15.5813000000 5.2734300000 15.5813000000 4.9632300000 16.1185000000 5.2734300000 16.6558000000
143 1 6 1.0000000000 0 7.4448400000 16.1185000000 -1 -1 -1 -1 -1 -1 7.7550400000 16.6558000000 8.0652400000 16.1185000000 7.7550400000 15.5813000000 7.1346400000 15.5813000000 6.8244400000 16.1185000000 7.1346400000 16.6558000000
144 1 6 1.0000000000 0 9.3060500000 16.1185000000 -1 -1 -1 -1 -1 -1 9.6162500000 16.6558000000 9.9264500000 16.1185000000 9.6162500000 15.5813000000 8.9958500000 15.5813000000 8.6856500000 16.1185000000 8.9958500000 16.6558000000
145 1 6 1.0000000000 0 11.1673000000 16.1185000000 -1 -1 -1 -1 -1 -1 11.4775000000 16.6558000000 11.7877000000 16.1185000000 11.4775000000 15.5813000000 10.8571000000 15.5813000000 10.5469000000 16.1185000000 10.8571000000 16.6558000000
146 1 6 1.0000000000 0 13.0285000000 16.1185000000 -1 -1 -1 -1 -1 -1 13.3387000000 16.6558000000 13.6489000000 16.1185000000 13.3387000000 15.5813000000 12.7183000000 15.5813000000 12.4081000000 16.1185000000 12.7183000000 16.6558000000
147 1 6 1.0000000000 0 14.8897000000 16.1185000000 -1 -1 -1 -1 -1 -1 15.1999000000 16.6558000000 15.5101000000 16.1185000000 15.1999000000 15.5813000000 14.5795000000 15.5813000000 14.2693000000 16.1185000000 14.5795000000 16.6558000000
148 1 6 1.0000000000 0 16.7509000000 16.1185000000 -1 -1 -1 -1 -1 -1 17.0611000000 16.6558000000 17.3713000000 16.1185000000 17.0611000000 15.5813000000 16.4407000000 15.5813000000 16.1305000000 16.1185000000 16.4407000000 16.6558000000
149 1 6 1.0000000000 0 4.6530200000 16.6558000000 -1 -1 -1 -1 -1 -1 4.9632300000 17.1931000000 5.2734300000 16.6558000000 4.9632300000 16.1185000000 4.3428200000 16.1185000000 4.0326200000 16.6558000000 4.3428200000 17.1931000000
150 1 6 1.0000000000 0 6.5142300000 16.6558000000 -1 -1 -1 -1 -1 -1 6.8244400000 17.1931000000 7.1346400000 16.6558000000 6.8244400000 16.1185000000 6.2040300000 16.1185000000 5.8938300000 16.6558000000 6.2040300000 17.1931000000
151 1 6 1.0000000000 0 8.3754400000 16.6558000000 -1 -1 -1 -1 -1 -1 8.6856500000 17.1931000000 8.9958500000 16.6558000000 8.6856500000 16.1185000000 8.0652400000 16.1185000000 7.7550400000 16.6558000000 8.0652400000 17.1931000000
152 1 6 1.0000000000 0 10.2367000000 16.6558000000 -1 -1 -1 -1 -1 -1 10.5469000000 17.1931000000 10.8571000000 16.6558000000 10.5469000000 16.1185000000 9.9264500000 16.1185000000 9.6162500000 16.6558000000 9.9264500000 17.1931000000
153 1 6 1.0000000000 0 12.0979000000 16.6558000000 -1 -1 -1 -1 -1 -1 12.4081000000 17.1931000000 12.7183000000 16.6558000000 12.4081000000 16.1185000000 11.7877000000 16.1185000000 11.4775000000 16.6558000000 11.7877000000 17.1931000000
154 1 6 1.0000000000 0 13.9591000000 16.6558000000 -1 -1 -1 -1 -1 -1 14.2693000000 17.1931000000 14.5795000000 16.6558000000 14.2693000000 16.1185000000 13.6489000000 16.1185000000 13.3387000000 16.6558000000 13.6489000000 17.1931000000
155 1 6 1.0000000000 0 15.8203000000 16.6558000000 -1 -1 -1 -1 -1 -1 16.1305000000 17.1931000000 16.4407000000 16.6558000000 16.1305000000 16.1185000000 15.5101000000 16.1185000000 15.1999000000 16.6558000000 15.5101000000 17.1931000000
156 1 6 1.0000000000 0 17.6815000000 16.6558000000 -1 -1 -1 -1 -1 -1 17.9917000000 17.1931000000 18.3019000000 16.6558000000 17.9917000000 16.1185000000 17.3713000000 16.1185000000 17.0611000000 16.6558000000 17.3713000000 17.1931000000
157 1 6 1.0000000000 0 5.5836300000 17.1931000000 -1 -1 -1 -1 -1 -1 5.8938300000 17.7304000000 6.2040300000 17.1931000000 5.8938300000 16.6558000000 5.2734300000 16.6558000000 4.9632300000 17.1931000000 5.2734300000 17.7304000000
158 1 6 1.0000000000 0 7.4448400000 17.1931000000 -1 -1 -1 -1 -1 -1 7.7550400000 17.7304000000 8.0652400000 17.1931000000 7.7550400000 16.6558000000 7.1346400000 16.6558000000 6.8244400000 17.1931000000 7.1346400000 17.7304000000
159 1 6 1.0000000000 0 9.3060500000 17.1931000000 -1 -1 -1 -1 -1 -1 9.6162500000 17.7304000000 9.9264500000 17.1931000000 9.6162500000 16.6558000000 8.9958500000 16.6558000000 8.6856500000 17.1931000000 8.9958500000 17.7304000000
160 1 6 1.0000000000 0 11.1673000000 17.1931000000 -1 -1 -1 -1 -1 -1 11.4775000000 17.7304000000 11.7877000000 17.1931000000 11.4775000000 16.6558000000 10.8571000000 16.6558000000 10.5469000000 17.1931000000 10.8571000000 17.7304000000
161 1 6 1.0000000000 0 13.0285000000 17.1931000000 -1 -1 -1 -1 -1 -1 13.3387000000 17.7304000000 13.6489000000 17.1931000000 13.3387000000 16.6558000000 12.7183000000 16.6558000000 12.4081000000 17.1931000000 12.7183000000 17.7304000000
162 1 6 1.0000000000 0 14.8897000000 17.1931000000 -1 -1 -1 -1 -1 -1 15.1999000000 17.7304000000 15.5101000000 17.1931000000 15.1999000000 16.6558000000 14.5795000000 16.6558000000 14.2693000000 17.1931000000 14.5795000000 17.7304000000
163 1 6 1.0000000000 0 16.7509000000 17.1931000000 -1 -1 -1 -1 -1 -1 17.0611000000 17.7304000000 17.3713000000 17.1931000000 17.0611000000 16.6558000000 16.4407000000 16.6558000000 16.1305000000 17.1931000000 16.4407000000 17.7304000000
164 1 6 1.0000000000 0 6.5142300000 17.7304000000 -1 -1 -1 -1 -1 -1 6.8244400000 18.2677000000 7.1346400000 17.7304000000 6.8244400000 17.1931000000 6.2040300000 17.1931000000 5.8938300000 17.7304000000 6.2040300000 18.2677000000
165 1 6 1.0000000000 0 8.3754400000 17.7304000000 -1 -1 -1 -1 -1 -1 8.6856500000 18.2677000000 8.9958500000 17.7304000000 8.6856500000 17.1931000000 8.0652400000 17.1931000000 7.7550400000 17.7304000000 8.0652400000 18.2677000000
166 1 6 1.0000000000 0 10.2367000000 17.7304000000 -1 -1 -1 -1 -1 -1 10.5469000000 18.2677000000 10.8571000000 17.7304000000 10.5469000000 17.1931000000 9.9264500000 17.1931000000 9.6162500000 17.7304000000 9.9264500000 18.2677000000
167 1 6 1.0000000000 0 12.0979000000 17.7304000000 -1 -1 -1 -1 -1 -1 12.4081000000 18.2677000000 12.7183000000 17.7304000000 12.4081000000 17.1931000000 11.7877000000 17.1931000000 11.4775000000 17.7304000000 11.7877000000 18.2677000000
168 1 6 1.0000000000 0 13.9591000000 17.7304000000 -1 -1 -1 -1 -1 -1 14.2693000000 18.2677000000 14.5795000000 17.7304000000 14.2693000000 17.1931000000 13.6489000000 17.1931000000 13.3387000000 17.7304000000 13.6489000000 18.2677000000
169 1 6 1.0000000000 0 15.8203000000 17.7304000000 -1 -1 -1 -1 -1 -1 16.1305000000 18.2677000000 16.4407000000 17.7304000000 16.1305000000 17.1931000000 15.5101000000 17.1931000000 15.1999000000 17.7304000000 15.5101000000 18.2677000000
170 1 6 1.0000000000 0 5.5836300000 18.2677000000 -1 -1 -1 -1 -1 -1 5.8938300000 18.8050000000 6.2040300000 18.2677000000 5.8938300000 17.7304000000 5.2734300000 17.7304000000 4.9632300000 18.2677000000 5.2734300000 18.8050000000
171 1 6 1.0000000000 0 7.4448400000 18.2677000000 -1 -1 -1 -1 -1 -1 7.7550400000 18.8050000000 8.0652400000 18.2677000000 7.7550400000 17.7304000000 7.1346400000 17.7304000000 6.8244400000 18.2677000000 7.1346400000 18.8050000000
172 1 6 1.0000000000 0 9.3060500000 18.2677000000 -1 -1 -1 -1 -1 -1 9.6162500000 18.8050000000 9.9264500000 18.2677000000 9.6162500000 17.7304000000 8.9958500000 17.7304000000 8.6856500000 18.2677000000 8.9958500000 18.8050000000
173 1 6 1.0000000000 0 11.1673000000 18.2677000000 -1 -1 -1 -1 -1 -1 11.4775000000 18.8050000000 11.7877000000 18.2677000000 11.4775000000 17.7304000000 10.8571000000 17.7304000000 10.5469000000 18.2677000000 10.8571000000 18.8050000000
174 1 6 1.0000000000 0 13.0285000000 18.2677000000 -1 -1 -1 -1 -1 -1 13.3387000000 18.8050000000 13.6489000000 18.2677000000 13.3387000000 17.7304000000 12.7183000000 17.7304000000 12.4081000000 18.2677000000 12.7183000000 18.8050000000
175 1 6 1.0000000000 0 14.8897000000 18.2677000000 -1 -1 -1 -1 -1 -1 15.1999000000 18.8050000000 15.5101000000 18.2677000000 15.1999000000 17.7304000000 14.5795000000 17.7304000000 14.2693000000 18.2677000000 14.5795000000 18.8050000000
176 1 6 1.0000000000 0 16.7509000000 18.2677000000 -1 -1 -1 -1 -1 -1 17.0611000000 18.8050000000 17.3713000000 18.2677000000 17.0611000000 17.7304000000 16.4407000000 17.7304000000 16.1305000000 18.2677000000 16.4407000000 18.8050000000
177 1 6 1.0000000000 0 6.5142300000 18.8050000000 -1 -1 -1 -1 -1 -1 6.8244400000 19.3423000000 7.1346400000 18.8050000000 6.8244400000 18.2677000000 6.2040300000 18.2677000000 5.8938300000 18.8050000000 6.2040300000 19.3423000000
178 1 6 1.0000000000 0 8.3754400000 18.8050000000 -1 -1 -1 -1 -1 -1 8.6856500000 19.3423000000 8.9958500000 18.8050000000 8.6856500000 18.2677000000 8.0652400000 18.2677000000 7.7550400000 18.8050000000 8.0652400000 19.3423000000
179 1 6 1.0000000000 0 10.2367000000 18.8050000000 -1 -1 -1 -1 -1 -1 10.5469000000 19.3423000000 10.8571000000 18.8050000000 10.5469000000 18.2677000000 9.9264500000 18.2677000000 9.6162500000 18.8050000000 9.9264500000 19.3423000000
180 1 6 1.0000000000 0 12.0979000000 18.8050000000 -1 -1 -1 -1 -1 -1 12.4081000000 19.3423000000 12.7183000000 18.8050000000 12.4081000000 18.2677000000 11.7877000000 18.2677000000 11.4775000000 18.8050000000 11.7877000000 19.3423000000
181 1 6 1.0000000000 0 13.9591000000 18.8050000000 -1 -1 -1 -1 -1 -1 14.2693000000 19.3423000000 14.5795000000 18.8050000000 14.2693000000 18.2677000000 13.6489000000 18.2677000000 13.3387000000 18.8050000000 13.6489000000 19.3423000000
182 1 6 1.0000000000 0 15.8203000000 18.8050000000 -1 -1 -1 -1 -1 -1 16.1305000000 19.3423000000 16.4407000000 18.8050000000 16.1305000000 18.2677000000 15.5101000000 18.2677000000 15.1999000000 18.8050000000 15.5101000000 19.3423000000
183 1 6 1.0000000000 0 7.4448400000 19.3423000000 -1 -1 -1 -1 -1 -1 7.7550400000 19.8795000000 8.0652400000 19.3423000000 7.7550400000 18.8050000000 7.1346400000 18.8050000000 6.8244400000 19.3423000000 7.1346400000 19.8795000000
184 1 6 1.0000000000 0 9.3060500000 19.3423000000 -1 -1 -1 -1 -1 -1 9.6162500000 19.8795000000 9.9264500000 19.3423000000 9.6162500000 18.8050000000 8.9958500000 18.8050000000 8.6856500000 19.3423000000 8.9958500000 19.8795000000
185 1 6 1.0000000000 0 11.1673000000 19.3423000000 -1 -1 -1 -1 -1 -1 11.4775000000 19.8795000000 11.7877000000 19.3423000000 11.4775000000 18.8050000000 10.8571000000 18.8050000000 10.5469000000 19.3423000000 10.8571000000 19.8795000000
186 1 6 1.0000000000 0 13.0285000000 19.3423000000 -1 -1 -1 -1 -1 -1 13.3387000000 19.8795000000 13.6489000000 19.3423000000 13.3387000000 18.8050000000 12.7183000000 18.8050000000 12.4081000000 19.3423000000 12.7183000000 19.8795000000
187 1 6 1.0000000000 0 14.8897000000 19.3423000000 -1 -1 -1 -1 -1 -1 15.1999000000 19.8795000000 15.5101000000 19.3423000000 15.1999000000 18.8050000000 14.5795000000 18.8050000000 14.2693000000 19.3423000000 14.5795000000 19.8795000000
188 1 6 1.0000000000 0 8.3754400000 19.8795000000 -1 -1 -1 -1 -1 -1 8.6856500000 20.4168000000 8.9958500000 19.8795000000 8.6856500000 19.3423000000 8.0652400000 19.3423000000 7.7550400000 19.8795000000 8.0652400000 20.4168000000
189 1 6 1.0000000000 0 10.2367000000 19.8795000000 -1 -1 -1 -1 -1 -1 10.5469000000 20.4168000000 10.8571000000 19.8795000000 10.5469000000 19.3423000000 9.9264500000 19.3423000000 9.6162500000 19.8795000000 9.9264500000 20.4168000000
190 1 6 1.0000000000 0 12.0979000000 19.8795000000 -1 -1 -1 -1 -1 -1 12.4081000000 20.4168000000 12.7183000000 19.8795000000 12.4081000000 19.3423000000 11.7877000000 19.3423000000 11.4775000000 19.8795000000 11.7877000000 20.4168000000
191 1 6 1.0000000000 0 13.9591000000 19.8795000000 -1 -1 -1 -1 -1 -1 14.2693000000 20.4168000000 14.5795000000 19.8795000000 14.2693000000 19.3423000000 13.6489000000 19.3423000000 13.3387000000 19.8795000000 13.6489000000 20.4168000000
192 1 6 1.0000000000 0 9.3060500000 20.4168000000 -1 -1 -1 -1 -1 -1 9.6162500000 20.9541000000 9.9264500000 20.4168000000 9.6162500000 19.8795000000 8.9958500000 19.8795000000 8.6856500000 20.4168000000 8.9958500000 20.9541000000
193 1 6 1.0000000000 0 11.1673000000 20.4168000000 -1 -1 -1 -1 -1 -1 11.4775000000 20.9541000000 11.7877000000 20.4168000000 11.4775000000 19.8795000000 10.8571000000 19.8795000000 10.5469000000 20.4168000000 10.8571000000 20.9541000000
194 1 6 1.0000000000 0 13.0285000000 20.4168000000 -1 -1 -1 -1 -1 -1 13.3387000000 20.9541000000 13.6489000000 20.4168000000 13.3387000000 19.8795000000 12.7183000000 19.8795000000 12.4081000000 20.4168000000 12.7183000000 20.9541000000
195 1 6 1.0000000000 0 10.2367000000 20.9541000000 -1 -1 -1 -1 -1 -1 10.5469000000 21.4914000000 10.8571000000 20.9541000000 10.5469000000 20.4168000000 9.9264500000 20.4168000000 9.6162500000 20.9541000000 9.9264500000 21.4914000000
