196 1
0 1 7 0.5362390000 0 5.9920700000 1.7555300000 -1 -1 -1 -1 -1 -1 -1 5.5213700000 1.8143300000 5.5657400000 1.9646000000 6.0226100000 2.2079400000 6.2355800000 2.1351900000 6.4160300000 1.6985200000 6.1983600000 1.3139600000 5.8836100000 1.3172100000
1 1 6 0.4050310000 0 5.0425400000 1.9591900000 -1 -1 -1 -1 -1 -1 5.3144000000 2.2349000000 5.5657400000 1.9646000000 5.5213700000 1.8143300000 4.7066500000 1.6696100000 4.5476300000 1.9175100000 4.6983200000 2.1717900000
2 1 6 0.4390900000 0 7.4616000000 2.0333700000 -1 -1 -1 -1 -1 -1 7.0317500000 1.8499600000 7.0523700000 2.1518800000 7.4961400000 2.4077200000 7.9097900000 2.1972800000 7.9099200000 1.9720700000 7.4156700000 1.6491400000
3 1 5 0.3824580000 0 6.6514100000 2.0419800000 -1 -1 -1 -1 -1 7.0317500000 1.8499600000 6.4160300000 1.6985200000 6.2355800000 2.1351900000 6.6224000000 2.4154500000 7.0523700000 2.1518800000
4 1 5 0.3436020000 0 4.3046900000 2.2544000000 -1 -1 -1 -1 -1 3.9504400000 2.0867800000 3.9984100000 2.5154100000 4.3951900000 2.5968700000 4.6983200000 2.1717900000 4.5476300000 1.9175100000
5 1 5 0.3496120000 0 5.6676500000 2.3590100000 -1 -1 -1 -1 -1 5.5657400000 1.9646000000 5.3144000000 2.2349000000 5.5259800000 2.7161400000 5.8531300000 2.7197300000 6.0226100000 2.2079400000
6 1 7 0.5562190000 0 3.5803200000 2.3813900000 -1 -1 -1 -1 -1 -1 -1 3.9504400000 2.0867800000 3.6650400000 1.9291000000 3.2149200000 2.1426100000 3.1177800000 2.4502800000 3.3329800000 2.7644000000 3.7684900000 2.7858500000 3.9984100000 2.5154100000
7 1 6 0.4030380000 0 7.0803400000 2.5120600000 -1 -1 -1 -1 -1 -1 6.6381200000 2.6264400000 7.2181600000 2.8541100000 7.4846100000 2.6867800000 7.4961400000 2.4077200000 7.0523700000 2.1518800000 6.6224000000 2.4154500000
8 1 6 0.4164780000 0 7.8703100000 2.5991300000 -1 -1 -1 -1 -1 -1 7.4846100000 2.6867800000 7.8480200000 2.9901900000 8.1314000000 2.9258800000 8.2616100000 2.4860600000 7.9097900000 2.1972800000 7.4961400000 2.4077200000
9 1 7 0.4874630000 0 6.2245100000 2.6050400000 -1 -1 -1 -1 -1 -1 -1 6.0555000000 3.1081700000 6.1526500000 3.1206600000 6.6381200000 2.6264400000 6.6224000000 2.4154500000 6.2355800000 2.1351900000 6.0226100000 2.2079400000 5.8531300000 2.7197300000
10 1 6 0.7849030000 0 4.9613300000 2.6476400000 -1 -1 -1 -1 -1 -1 5.5259800000 2.7161400000 5.3144000000 2.2349000000 4.6983200000 2.1717900000 4.3951900000 2.5968700000 4.5876000000 3.0475800000 5.2436300000 3.1175900000
11 1 6 0.4178820000 0 2.9174000000 2.8017400000 -1 -1 -1 -1 -1 -1 2.7213500000 3.1383900000 3.0814100000 3.1761800000 3.3329800000 2.7644000000 3.1177800000 2.4502800000 2.6073600000 2.5262500000 2.5121200000 2.7541300000
12 1 6 0.4240690000 0 8.5026400000 2.8090800000 -1 -1 -1 -1 -1 -1 8.6725900000 3.1785400000 8.8842600000 2.7233500000 8.6754500000 2.4081200000 8.2616100000 2.4860600000 8.1314000000 2.9258800000 8.3964700000 3.2285400000
13 1 6 0.4052670000 0 4.1806900000 2.8870300000 -1 -1 -1 -1 -1 -1 3.9692900000 3.1918200000 4.4737500000 3.2127400000 4.5876000000 3.0475800000 4.3951900000 2.5968700000 3.9984100000 2.5154100000 3.7684900000 2.7858500000
14 1 5 0.2968950000 0 2.3541700000 3.0633400000 -1 -1 -1 -1 -1 2.4114600000 3.4029800000 2.7213500000 3.1383900000 2.5121200000 2.7541300000 2.0499300000 2.8595800000 2.0180500000 3.1714500000
15 1 5 0.3007950000 0 7.5195700000 3.0676000000 -1 -1 -1 -1 -1 7.8480200000 2.9901900000 7.4846100000 2.6867800000 7.2181600000 2.8541100000 7.3605700000 3.3992500000 7.6728500000 3.4161000000
16 1 6 0.4127830000 0 5.6476900000 3.0828100000 -1 -1 -1 -1 -1 -1 5.8531300000 2.7197300000 5.5259800000 2.7161400000 5.2436300000 3.1175900000 5.3452800000 3.3699000000 5.7625300000 3.4557200000 6.0555000000 3.1081700000
17 1 5 0.3357780000 0 9.0223400000 3.0898300000 -1 -1 -1 -1 -1 8.8842600000 2.7233500000 8.6725900000 3.1785400000 8.9767500000 3.4810300000 9.3383400000 3.2847600000 9.2363400000 2.7689500000
18 1 6 0.4389720000 0 3.5283900000 3.1117700000 -1 -1 -1 -1 -1 -1 3.8530500000 3.3963800000 3.9692900000 3.1918200000 3.7684900000 2.7858500000 3.3329800000 2.7644000000 3.0814100000 3.1761800000 3.2064600000 3.4094400000
19 1 6 0.9639020000 0 6.7818500000 3.2410800000 -1 -1 -1 -1 -1 -1 7.0747700000 3.7783600000 7.3605700000 3.3992500000 7.2181600000 2.8541100000 6.6381200000 2.6264400000 6.1526500000 3.1206600000 6.4892400000 3.7665800000
20 1 6 0.3629190000 0 4.9108300000 3.3234000000 -1 -1 -1 -1 -1 -1 4.4737500000 3.2127400000 4.6650400000 3.5687400000 5.1369200000 3.6151500000 5.3452800000 3.3699000000 5.2436300000 3.1175900000 4.5876000000 3.0475800000
21 1 6 0.3890050000 0 8.0311700000 3.3294800000 -1 -1 -1 -1 -1 -1 7.8480200000 2.9901900000 7.6728500000 3.4161000000 7.8573200000 3.7049600000 8.2245400000 3.6702400000 8.3964700000 3.2285400000 8.1314000000 2.9258800000
22 1 5 0.2987280000 0 2.0333800000 3.4879500000 -1 -1 -1 -1 -1 2.4114600000 3.4029800000 2.0180500000 3.1714500000 1.6468500000 3.4289400000 1.7400600000 3.7302300000 2.3696400000 3.6876200000
23 1 6 0.3900620000 0 4.2785200000 3.5128400000 -1 -1 -1 -1 -1 -1 4.4737500000 3.2127400000 3.9692900000 3.1918200000 3.8530500000 3.3963800000 4.2349600000 3.8999700000 4.5366000000 3.8427900000 4.6650400000 3.5687400000
24 1 7 0.4751890000 0 2.7747700000 3.5332100000 -1 -1 -1 -1 -1 -1 -1 2.7213500000 3.1383900000 2.4114600000 3.4029800000 2.3696400000 3.6876200000 2.6325400000 3.9621600000 2.9017800000 3.9282100000 3.2064600000 3.4094400000 3.0814100000 3.1761800000
25 1 6 0.4065580000 0 8.6024800000 3.5762900000 -1 -1 -1 -1 -1 -1 8.6725900000 3.1785400000 8.3964700000 3.2285400000 8.2245400000 3.6702400000 8.4481000000 3.9521500000 8.8785900000 3.8717600000 8.9767500000 3.4810300000
26 1 7 0.4572910000 0 6.1206700000 3.6386600000 -1 -1 -1 -1 -1 -1 -1 5.8488600000 3.8734600000 6.2379800000 4.1152900000 6.3860500000 4.0658300000 6.4892400000 3.7665800000 6.1526500000 3.1206600000 6.0555000000 3.1081700000 5.7625300000 3.4557200000
27 1 6 0.3837650000 0 5.4907000000 3.7371300000 -1 -1 -1 -1 -1 -1 5.8488600000 3.8734600000 5.7625300000 3.4557200000 5.3452800000 3.3699000000 5.1369200000 3.6151500000 5.2325600000 4.0144000000 5.5434000000 4.1261300000
28 1 7 0.5526820000 0 9.3182700000 3.7474000000 -1 -1 -1 -1 -1 -1 -1 9.0901900000 4.1349400000 9.5497300000 4.1425200000 9.7533500000 3.8921400000 9.5938200000 3.3743800000 9.3383400000 3.2847600000 8.9767500000 3.4810300000 8.8785900000 3.8717600000
29 1 6 0.3928600000 0 7.4682200000 3.7599700000 -1 -1 -1 -1 -1 -1 7.0747700000 3.7783600000 7.1897400000 4.0648200000 7.6430500000 4.1055500000 7.8573200000 3.7049600000 7.6728500000 3.4161000000 7.3605700000 3.3992500000
30 1 5 0.2907510000 0 4.9009800000 3.8516200000 -1 -1 -1 -1 -1 5.2325600000 4.0144000000 5.1369200000 3.6151500000 4.6650400000 3.5687400000 4.5366000000 3.8427900000 4.9130800000 4.2011200000
31 1 7 1.2500700000 0 3.5587100000 4.0083200000 -1 -1 -1 -1 -1 -1 -1 4.2349600000 3.8999700000 3.8530500000 3.3963800000 3.2064600000 3.4094400000 2.9017800000 3.9282100000 3.1308400000 4.5543300000 3.4539700000 4.7010400000 4.1384000000 4.3471800000
32 1 5 0.3290530000 0 6.7886500000 4.0193500000 -1 -1 -1 -1 -1 7.1897400000 4.0648200000 7.0747700000 3.7783600000 6.4892400000 3.7665800000 6.3860500000 4.0658300000 6.8212900000 4.3780000000
33 1 6 0.4162030000 0 8.0499000000 4.0362200000 -1 -1 -1 -1 -1 -1 8.3054600000 4.3288100000 8.4481000000 3.9521500000 8.2245400000 3.6702400000 7.8573200000 3.7049600000 7.6430500000 4.1055500000 7.8448600000 4.4002300000
34 1 6 0.3764660000 0 4.5077200000 4.2078700000 -1 -1 -1 -1 -1 -1 4.2349600000 3.8999700000 4.1384000000 4.3471800000 4.5005500000 4.5690100000 4.8833900000 4.3881400000 4.9130800000 4.2011200000 4.5366000000 3.8427900000
35 1 7 0.9729870000 0 2.0785500000 4.2161800000 -1 -1 -1 -1 -1 -1 -1 1.4708000000 4.0905600000 1.7080200000 4.6891900000 2.2415800000 4.7966600000 2.5550400000 4.5488800000 2.6325400000 3.9621600000 2.3696400000 3.6876200000 1.7400600000 3.7302300000
36 1 6 0.4173270000 0 8.6997400000 4.2477500000 -1 -1 -1 -1 -1 -1 8.8785900000 3.8717600000 8.4481000000 3.9521500000 8.3054600000 4.3288100000 8.5557800000 4.6353500000 8.9267800000 4.5636700000 9.0901900000 4.1349400000
37 1 5 0.3297090000 0 5.8899600000 4.2478400000 -1 -1 -1 -1 -1 6.2379800000 4.1152900000 5.8488600000 3.8734600000 5.5434000000 4.1261300000 5.6926500000 4.5637400000 6.1063000000 4.5566800000
38 1 6 0.4474550000 0 9.9607900000 4.2544200000 -1 -1 -1 -1 -1 -1 10.2970000000 3.9860600000 9.7533500000 3.8921400000 9.5497300000 4.1425200000 9.6772300000 4.5535500000 10.0655000000 4.6449400000 10.3863000000 4.3175800000
39 1 5 0.3092660000 0 2.8197700000 4.3392800000 -1 -1 -1 -1 -1 2.8827800000 4.7324600000 3.1308400000 4.5543300000 2.9017800000 3.9282100000 2.6325400000 3.9621600000 2.5550400000 4.5488800000
40 1 7 0.4282620000 0 5.2972700000 4.4051900000 -1 -1 -1 -1 -1 -1 -1 5.5472300000 4.7694100000 5.6926500000 4.5637400000 5.5434000000 4.1261300000 5.2325600000 4.0144000000 4.9130800000 4.2011200000 4.8833900000 4.3881400000 5.1764300000 4.7480900000
41 1 6 0.5824400000 0 1.2210100000 4.4483500000 -1 -1 -1 -1 -1 -1 0.7308570000 4.3385000000 0.9713690000 4.7955500000 1.5851400000 4.8583800000 1.7080200000 4.6891900000 1.4708000000 4.0905600000 0.9366630000 4.0137500000
42 1 5 0.3582490000 0 9.2986900000 4.4487100000 -1 -1 -1 -1 -1 9.2223900000 4.8375100000 9.6772300000 4.5535500000 9.5497300000 4.1425200000 9.0901900000 4.1349400000 8.9267800000 4.5636700000
43 1 6 0.4278390000 0 6.4739200000 4.5116200000 -1 -1 -1 -1 -1 -1 6.2379800000 4.1152900000 6.1063000000 4.5566800000 6.3861100000 4.9281900000 6.8098000000 4.8067100000 6.8212900000 4.3780000000 6.3860500000 4.0658300000
44 1 7 0.7089320000 0 7.3024700000 4.5170400000 -1 -1 -1 -1 -1 -1 -1 7.1897400000 4.0648200000 6.8212900000 4.3780000000 6.8098000000 4.8067100000 7.1793900000 5.0138100000 7.7360500000 4.7411400000 7.8448600000 4.4002300000 7.6430500000 4.1055500000
45 1 6 0.4168910000 0 8.1441100000 4.6826800000 -1 -1 -1 -1 -1 -1 8.4135900000 4.9852900000 8.5557800000 4.6353500000 8.3054600000 4.3288100000 7.8448600000 4.4002300000 7.7360500000 4.7411400000 7.9970100000 5.0343500000
46 1 5 0.3508910000 0 10.4651000000 4.6927500000 -1 -1 -1 -1 -1 10.2954000000 5.0257500000 10.7748000000 4.9202000000 10.8526000000 4.5918900000 10.3863000000 4.3175800000 10.0655000000 4.6449400000
47 1 5 0.2806300000 0 4.8203400000 4.7261800000 -1 -1 -1 -1 -1 4.5005500000 4.5690100000 4.5713000000 4.9459700000 4.9669800000 5.0286700000 5.1764300000 4.7480900000 4.8833900000 4.3881400000
48 1 6 0.4320460000 0 5.9561600000 4.9023500000 -1 -1 -1 -1 -1 -1 5.7151400000 5.1977600000 6.1632900000 5.2862000000 6.3861100000 4.9281900000 6.1063000000 4.5566800000 5.6926500000 4.5637400000 5.5472300000 4.7694100000
49 1 5 0.3202870000 0 2.5866200000 4.9198600000 -1 -1 -1 -1 -1 2.8827800000 4.7324600000 2.5550400000 4.5488800000 2.2415800000 4.7966600000 2.4320800000 5.2643800000 2.8385900000 5.2054900000
50 1 7 0.9385670000 0 3.9929600000 4.9393800000 -1 -1 -1 -1 -1 -1 -1 4.3280800000 5.3516800000 4.5713000000 4.9459700000 4.5005500000 4.5690100000 4.1384000000 4.3471800000 3.4539700000 4.7010400000 3.4456200000 5.2643300000 3.8169600000 5.5080100000
51 1 6 0.4422840000 0 8.8234600000 4.9486800000 -1 -1 -1 -1 -1 -1 9.1241300000 5.2588900000 9.2223900000 4.8375100000 8.9267800000 4.5636700000 8.5557800000 4.6353500000 8.4135900000 4.9852900000 8.6424300000 5.3175400000
52 1 6 0.4116840000 0 3.1595400000 4.9889300000 -1 -1 -1 -1 -1 -1 3.4539700000 4.7010400000 3.1308400000 4.5543300000 2.8827800000 4.7324600000 2.8385900000 5.2054900000 3.1409600000 5.4295000000 3.4456200000 5.2643300000
53 1 6 0.3978280000 0 2.0206100000 5.0531000000 -1 -1 -1 -1 -1 -1 2.4320800000 5.2643800000 2.2415800000 4.7966600000 1.7080200000 4.6891900000 1.5851400000 4.8583800000 1.9026300000 5.3810400000 2.3358600000 5.3982100000
54 1 5 0.3285620000 0 7.5972400000 5.0827900000 -1 -1 -1 -1 -1 7.1793900000 5.0138100000 7.2868100000 5.3314100000 7.8485100000 5.3291900000 7.9970100000 5.0343500000 7.7360500000 4.7411400000
55 1 6 0.3877320000 0 5.3326300000 5.0991500000 -1 -1 -1 -1 -1 -1 5.5472300000 4.7694100000 5.1764300000 4.7480900000 4.9669800000 5.0286700000 5.0219900000 5.3217700000 5.4270200000 5.4872000000 5.7151400000 5.1977600000
56 1 8 0.9281920000 0 9.7109200000 5.1152100000 -1 -1 -1 -1 -1 -1 -1 -1 9.9254900000 5.6087200000 10.2402000000 5.2942200000 10.2954000000 5.0257500000 10.0655000000 4.6449400000 9.6772300000 4.5535500000 9.2223900000 4.8375100000 9.1241300000 5.2588900000 9.4781800000 5.6691200000
57 1 5 0.2619020000 0 4.6786000000 5.2361200000 -1 -1 -1 -1 -1 4.9669800000 5.0286700000 4.5713000000 4.9459700000 4.3280800000 5.3516800000 4.4898900000 5.5437700000 5.0219900000 5.3217700000
58 1 6 0.3744910000 0 10.6219000000 5.2653400000 -1 -1 -1 -1 -1 -1 10.2954000000 5.0257500000 10.2402000000 5.2942200000 10.5553000000 5.6306600000 10.7921000000 5.6318900000 11.0056000000 5.1723800000 10.7748000000 4.9202000000
59 1 6 0.4097210000 0 8.2337500000 5.3458200000 -1 -1 -1 -1 -1 -1 7.9970100000 5.0343500000 7.8485100000 5.3291900000 8.0012900000 5.6644200000 8.3697400000 5.7295000000 8.6424300000 5.3175400000 8.4135900000 4.9852900000
60 1 9 0.9556550000 0 6.7156700000 5.3919100000 -1 -1 -1 -1 -1 -1 -1 -1 -1 6.1632900000 5.2862000000 6.2426500000 5.7045900000 6.5983500000 6.0332200000 6.6805300000 6.0390400000 7.1986400000 5.6315300000 7.2868100000 5.3314100000 7.1793900000 5.0138100000 6.8098000000 4.8067100000 6.3861100000 4.9281900000
61 1 8 1.3122700000 0 1.2594700000 5.4756700000 -1 -1 -1 -1 -1 -1 -1 -1 0.7250740000 5.8571300000 1.0836800000 6.1757400000 1.4323200000 6.1714100000 1.7945300000 5.8552200000 1.9026300000 5.3810400000 1.5851400000 4.8583800000 0.9713690000 4.7955500000 0.6879100000 5.0676700000
62 1 6 0.4424140000 0 5.8396200000 5.5714400000 -1 -1 -1 -1 -1 -1 5.5117600000 5.8391000000 5.9248200000 5.9505700000 6.2426500000 5.7045900000 6.1632900000 5.2862000000 5.7151400000 5.1977600000 5.4270200000 5.4872000000
63 1 5 0.3167870000 0 7.6101300000 5.5731600000 -1 -1 -1 -1 -1 7.8485100000 5.3291900000 7.2868100000 5.3314100000 7.1986400000 5.6315300000 7.7597500000 5.9051200000 8.0012900000 5.6644200000
64 1 4 0.1941460000 0 10.2521000000 5.6086200000 -1 -1 -1 -1 10.2402000000 5.2942200000 9.9254900000 5.6087200000 10.3149000000 5.9133200000 10.5553000000 5.6306600000
65 1 5 0.2901370000 0 4.1351500000 5.6621400000 -1 -1 -1 -1 -1 4.4898900000 5.5437700000 4.3280800000 5.3516800000 3.8169600000 5.5080100000 3.8316300000 5.8727000000 4.2587600000 5.9811800000
66 1 8 0.6285050000 0 2.7625300000 5.6761600000 -1 -1 -1 -1 -1 -1 -1 -1 2.3358600000 5.3982100000 2.3955500000 5.8580200000 2.6514400000 6.1519000000 2.9083600000 6.1811400000 3.1748400000 5.9237900000 3.1409600000 5.4295000000 2.8385900000 5.2054900000 2.4320800000 5.2643800000
67 1 6 0.4138800000 0 3.4815300000 5.6763100000 -1 -1 -1 -1 -1 -1 3.1748400000 5.9237900000 3.5866800000 6.0751200000 3.8316300000 5.8727000000 3.8169600000 5.5080100000 3.4456200000 5.2643300000 3.1409600000 5.4295000000
68 1 5 0.2908330000 0 2.1007500000 5.6821400000 -1 -1 -1 -1 -1 1.7945300000 5.8552200000 2.0512600000 6.0198000000 2.3955500000 5.8580200000 2.3358600000 5.3982100000 1.9026300000 5.3810400000
69 1 7 0.9008680000 0 8.9345700000 5.8192900000 -1 -1 -1 -1 -1 -1 -1 9.0911700000 6.4331500000 9.2718700000 6.3588600000 9.4781800000 5.6691200000 9.1241300000 5.2588900000 8.6424300000 5.3175400000 8.3697400000 5.7295000000 8.4716300000 6.1204700000
70 1 7 0.9697020000 0 4.8757100000 5.8920100000 -1 -1 -1 -1 -1 -1 -1 5.5117600000 5.8391000000 5.4270200000 5.4872000000 5.0219900000 5.3217700000 4.4898900000 5.5437700000 4.2587600000 5.9811800000 4.3916800000 6.3590300000 4.9483400000 6.4750100000
71 1 6 0.3656640000 0 10.6567000000 6.0122000000 -1 -1 -1 -1 -1 -1 10.4160000000 6.3080600000 10.8328000000 6.3668800000 11.0156000000 6.1457200000 10.7921000000 5.6318900000 10.5553000000 5.6306600000 10.3149000000 5.9133200000
72 1 6 0.4054090000 0 8.0897500000 6.0533000000 -1 -1 -1 -1 -1 -1 7.9515800000 6.5227400000 8.4716300000 6.1204700000 8.3697400000 5.7295000000 8.0012900000 5.6644200000 7.7597500000 5.9051200000 7.8562600000 6.4852100000
73 1 5 0.3294640000 0 6.2400400000 6.1184800000 -1 -1 -1 -1 -1 6.2426500000 5.7045900000 5.9248200000 5.9505700000 6.1050600000 6.5227800000 6.2785900000 6.5461400000 6.5983500000 6.0332200000
74 1 5 0.2764810000 0 2.2987500000 6.2036700000 -1 -1 -1 -1 -1 2.3032300000 6.5634200000 2.6514400000 6.1519000000 2.3955500000 5.8580200000 2.0512600000 6.0198000000 2.0226800000 6.4240600000
75 1 5 0.2732510000 0 1.7768400000 6.2065500000 -1 -1 -1 -1 -1 2.0226800000 6.4240600000 2.0512600000 6.0198000000 1.7945300000 5.8552200000 1.4323200000 6.1714100000 1.6512900000 6.5358600000
76 1 7 0.9759070000 0 9.8422900000 6.2072400000 -1 -1 -1 -1 -1 -1 -1 10.0980000000 6.7690400000 10.4160000000 6.3080600000 10.3149000000 5.9133200000 9.9254900000 5.6087200000 9.4781800000 5.6691200000 9.2718700000 6.3588600000 9.6961800000 6.8074100000
77 1 6 0.3987560000 0 3.9804000000 6.2273000000 -1 -1 -1 -1 -1 -1 3.5866800000 6.0751200000 3.6555300000 6.4210200000 4.0860900000 6.6009500000 4.3916800000 6.3590300000 4.2587600000 5.9811800000 3.8316300000 5.8727000000
78 1 5 0.3063990000 0 0.7230400000 6.2307900000 -1 -1 -1 -1 -1 0.7250740000 5.8571300000 0.3776320000 6.1437900000 0.4963330000 6.4961400000 0.9009200000 6.5381800000 1.0836800000 6.1757400000
79 1 6 1.0097800000 0 7.2802100000 6.2713500000 -1 -1 -1 -1 -1 -1 6.6805300000 6.0390400000 6.9152800000 6.7737500000 7.3810700000 6.8977800000 7.8562600000 6.4852100000 7.7597500000 5.9051200000 7.1986400000 5.6315300000
80 1 6 0.4203320000 0 3.2821000000 6.3308900000 -1 -1 -1 -1 -1 -1 3.3723800000 6.7375100000 3.6555300000 6.4210200000 3.5866800000 6.0751200000 3.1748400000 5.9237900000 2.9083600000 6.1811400000 3.0576300000 6.6791200000
81 1 6 0.9092590000 0 5.5502000000 6.4603600000 -1 -1 -1 -1 -1 -1 4.9483400000 6.4750100000 5.2044400000 6.9846500000 5.7188400000 7.0123000000 6.1050600000 6.5227800000 5.9248200000 5.9505700000 5.5117600000 5.8391000000
82 1 5 0.3095130000 0 11.1861000000 6.4904300000 -1 -1 -1 -1 -1 11.0156000000 6.1457200000 10.8328000000 6.3668800000 11.0642000000 6.8154800000 11.4347000000 6.7784300000 11.5194000000 6.3435900000
83 1 6 0.3810010000 0 1.2753300000 6.5193900000 -1 -1 -1 -1 -1 -1 1.0836800000 6.1757400000 0.9009200000 6.5381800000 1.0748000000 6.8473800000 1.5164900000 6.8342700000 1.6512900000 6.5358600000 1.4323200000 6.1714100000
84 1 6 0.3921190000 0 2.6904300000 6.5516900000 -1 -1 -1 -1 -1 -1 2.6514400000 6.1519000000 2.3032300000 6.5634200000 2.3497100000 6.7824100000 2.7362000000 6.9380400000 3.0576300000 6.6791200000 2.9083600000 6.1811400000
85 1 6 0.3797980000 0 6.6012700000 6.5761500000 -1 -1 -1 -1 -1 -1 6.4489000000 6.9688200000 6.7034100000 7.0143500000 6.9152800000 6.7737500000 6.6805300000 6.0390400000 6.5983500000 6.0332200000 6.2785900000 6.5461400000
86 1 5 0.3231060000 0 3.7514900000 6.7717200000 -1 -1 -1 -1 -1 4.0860900000 6.6009500000 3.6555300000 6.4210200000 3.3723800000 6.7375100000 3.6228800000 7.1067100000 4.0280200000 7.0125600000
87 1 6 0.6151760000 0 10.5895000000 6.7785000000 -1 -1 -1 -1 -1 -1 11.0642000000 6.8154800000 10.8328000000 6.3668800000 10.4160000000 6.3080600000 10.0980000000 6.7690400000 10.3544000000 7.2042900000 10.8600000000 7.1925400000
88 1 7 0.4263180000 0 1.9331200000 6.7876400000 -1 -1 -1 -1 -1 -1 -1 2.3032300000 6.5634200000 2.0226800000 6.4240600000 1.6512900000 6.5358600000 1.5164900000 6.8342700000 1.7142200000 7.1392000000 2.0611900000 7.1364500000 2.3497100000 6.7824100000
89 1 6 1.1417700000 0 8.5305400000 6.8067800000 -1 -1 -1 -1 -1 -1 8.5096900000 7.4821700000 9.0653700000 7.1759800000 9.0911700000 6.4331500000 8.4716300000 6.1204700000 7.9515800000 6.5227400000 8.0222900000 7.2239000000
90 1 6 0.3865680000 0 0.6582440000 6.8171000000 -1 -1 -1 -1 -1 -1 0.9009200000 6.5381800000 0.4963330000 6.4961400000 0.2474230000 6.7467500000 0.3240930000 7.0518100000 0.9016010000 7.1320000000 1.0748000000 6.8473800000
91 1 6 0.3987100000 0 9.3295200000 6.8446200000 -1 -1 -1 -1 -1 -1 9.0911700000 6.4331500000 9.0653700000 7.1759800000 9.2131600000 7.2732700000 9.5889100000 7.1384400000 9.6961800000 6.8074100000 9.2718700000 6.3588600000
92 1 6 0.3728190000 0 6.0899900000 6.9537600000 -1 -1 -1 -1 -1 -1 6.2785900000 6.5461400000 6.1050600000 6.5227800000 5.7188400000 7.0123000000 5.8132100000 7.2754400000 6.1276500000 7.3431800000 6.4489000000 6.9688200000
93 1 6 0.3737990000 0 7.7374000000 6.9613000000 -1 -1 -1 -1 -1 -1 7.8562600000 6.4852100000 7.3810700000 6.8977800000 7.4487400000 7.2145900000 7.8093400000 7.3648600000 8.0222900000 7.2239000000 7.9515800000 6.5227400000
94 1 8 1.0420300000 0 4.6104000000 6.9626100000 -1 -1 -1 -1 -1 -1 -1 -1 4.0860900000 6.6009500000 4.0280200000 7.0125600000 4.2509800000 7.3924800000 4.7262300000 7.5855600000 5.0608300000 7.4339700000 5.2044400000 6.9846500000 4.9483400000 6.4750100000 4.3916800000 6.3590300000
95 1 6 0.3838860000 0 9.9662300000 7.1247100000 -1 -1 -1 -1 -1 -1 10.0980000000 6.7690400000 9.6961800000 6.8074100000 9.5889100000 7.1384400000 9.8472200000 7.4650100000 10.2165000000 7.4518700000 10.3544000000 7.2042900000
96 1 6 0.3839240000 0 11.2446000000 7.1329700000 -1 -1 -1 -1 -1 -1 11.4347000000 6.7784300000 11.0642000000 6.8154800000 10.8600000000 7.1925400000 11.0402000000 7.4823600000 11.4350000000 7.4488700000 11.6285000000 7.0604500000
97 1 5 0.3085410000 0 2.4219800000 7.1355400000 -1 -1 -1 -1 -1 2.2703100000 7.4572600000 2.6697500000 7.3926800000 2.7362000000 6.9380400000 2.3497100000 6.7824100000 2.0611900000 7.1364500000
98 1 6 0.3867710000 0 7.0744100000 7.1405800000 -1 -1 -1 -1 -1 -1 7.1582700000 7.5205800000 7.4487400000 7.2145900000 7.3810700000 6.8977800000 6.9152800000 6.7737500000 6.7034100000 7.0143500000 6.8627600000 7.4695500000
99 1 6 0.4120250000 0 1.3116900000 7.1677300000 -1 -1 -1 -1 -1 -1 1.1457100000 7.5296100000 1.5398800000 7.4926700000 1.7142200000 7.1392000000 1.5164900000 6.8342700000 1.0748000000 6.8473800000 0.9016010000 7.1320000000
100 1 8 0.8230820000 0 3.1508100000 7.2598100000 -1 -1 -1 -1 -1 -1 -1 -1 3.0576300000 6.6791200000 2.7362000000 6.9380400000 2.6697500000 7.3926800000 2.8877800000 7.7592700000 3.2876000000 7.8282000000 3.5888300000 7.5472000000 3.6228800000 7.1067100000 3.3723800000 6.7375100000
101 1 5 0.3300230000 0 5.4271100000 7.2731700000 -1 -1 -1 -1 -1 5.8132100000 7.2754400000 5.7188400000 7.0123000000 5.2044400000 6.9846500000 5.0608300000 7.4339700000 5.4239600000 7.6392400000
102 1 5 0.3056400000 0 3.8931200000 7.3446100000 -1 -1 -1 -1 -1 3.5888300000 7.5472000000 3.9937800000 7.6790600000 4.2509800000 7.3924800000 4.0280200000 7.0125600000 3.6228800000 7.1067100000
103 1 6 0.3918340000 0 6.4998900000 7.3760100000 -1 -1 -1 -1 -1 -1 6.2352000000 7.6759000000 6.6075100000 7.7579000000 6.8627600000 7.4695500000 6.7034100000 7.0143500000 6.4489000000 6.9688200000 6.1276500000 7.3431800000
104 1 5 0.3026030000 0 9.4996300000 7.4863400000 -1 -1 -1 -1 -1 9.5889100000 7.1384400000 9.2131600000 7.2732700000 9.2296800000 7.7246800000 9.6371800000 7.8198900000 9.8472200000 7.4650100000
105 1 6 0.3835320000 0 10.6275000000 7.4874200000 -1 -1 -1 -1 -1 -1 10.4036000000 7.7800800000 10.8512000000 7.7995900000 11.0402000000 7.4823600000 10.8600000000 7.1925400000 10.3544000000 7.2042900000 10.2165000000 7.4518700000
106 1 6 0.3880360000 0 1.9164400000 7.4955600000 -1 -1 -1 -1 -1 -1 2.1442000000 7.8340300000 2.2703100000 7.4572600000 2.0611900000 7.1364500000 1.7142200000 7.1392000000 1.5398800000 7.4926700000 1.8388700000 7.8956000000
107 1 7 0.7864050000 0 0.5809400000 7.5277700000 -1 -1 -1 -1 -1 -1 -1 0.5984490000 8.0311200000 1.0148800000 7.8844100000 1.1457100000 7.5296100000 0.9016010000 7.1320000000 0.3240930000 7.0518100000 0.0301697000 7.3350800000 0.1248770000 7.7944200000
108 1 5 0.3102890000 0 7.5114300000 7.5673600000 -1 -1 -1 -1 -1 7.4487400000 7.2145900000 7.1582700000 7.5205800000 7.3480400000 7.8976800000 7.7857800000 7.8072500000 7.8093400000 7.3648600000
109 1 6 0.3922150000 0 8.8941400000 7.5794600000 -1 -1 -1 -1 -1 -1 9.2131600000 7.2732700000 9.0653700000 7.1759800000 8.5096900000 7.4821700000 8.5095700000 7.7615700000 8.8817200000 7.9687500000 9.2296800000 7.7246800000
110 1 6 0.3977680000 0 8.1233500000 7.6154000000 -1 -1 -1 -1 -1 -1 8.0651500000 8.0065600000 8.5095700000 7.7615700000 8.5096900000 7.4821700000 8.0222900000 7.2239000000 7.8093400000 7.3648600000 7.7857800000 7.8072500000
111 1 6 0.3890500000 0 5.8400400000 7.6407200000 -1 -1 -1 -1 -1 -1 6.2352000000 7.6759000000 6.1276500000 7.3431800000 5.8132100000 7.2754400000 5.4239600000 7.6392400000 5.4767800000 7.8776100000 5.9442600000 7.9905100000
112 1 5 0.3271110000 0 2.5025700000 7.7203000000 -1 -1 -1 -1 -1 2.8877800000 7.7592700000 2.6697500000 7.3926800000 2.2703100000 7.4572600000 2.1442000000 7.8340300000 2.4947200000 8.0986700000
113 1 5 0.3168780000 0 4.3608900000 7.7271200000 -1 -1 -1 -1 -1 4.2509800000 7.3924800000 3.9937800000 7.6790600000 4.1147400000 7.9938600000 4.6335800000 7.9843300000 4.7262300000 7.5855600000
114 1 6 0.3647470000 0 10.0206000000 7.7811200000 -1 -1 -1 -1 -1 -1 9.7968900000 8.0945600000 10.2147000000 8.0845500000 10.4036000000 7.7800800000 10.2165000000 7.4518700000 9.8472200000 7.4650100000 9.6371800000 7.8198900000
115 1 6 0.4067160000 0 1.4204500000 7.8479400000 -1 -1 -1 -1 -1 -1 1.1457100000 7.5296100000 1.0148800000 7.8844100000 1.2985900000 8.1932700000 1.7299500000 8.1377800000 1.8388700000 7.8956000000 1.5398800000 7.4926700000
116 1 7 0.4853530000 0 5.0413000000 7.8525200000 -1 -1 -1 -1 -1 -1 -1 4.7916200000 8.2176800000 5.1909800000 8.2289200000 5.4767800000 7.8776100000 5.4239600000 7.6392400000 5.0608300000 7.4339700000 4.7262300000 7.5855600000 4.6335800000 7.9843300000
117 1 6 0.4058480000 0 6.9720900000 7.8677400000 -1 -1 -1 -1 -1 -1 7.1273600000 8.2602700000 7.3480400000 7.8976800000 7.1582700000 7.5205800000 6.8627600000 7.4695500000 6.6075100000 7.7579000000 6.7380400000 8.1944800000
118 1 6 0.3898680000 0 3.7083300000 7.9078600000 -1 -1 -1 -1 -1 -1 3.9937800000 7.6790600000 3.5888300000 7.5472000000 3.2876000000 7.8282000000 3.4582900000 8.1899600000 3.9484600000 8.2186200000 4.1147400000 7.9938600000
119 1 6 0.3941590000 0 6.3511400000 8.0423700000 -1 -1 -1 -1 -1 -1 6.2352000000 7.6759000000 5.9442600000 7.9905100000 6.0230900000 8.2488800000 6.4926600000 8.4067200000 6.7380400000 8.1944800000 6.6075100000 7.7579000000
120 1 6 0.3688070000 0 10.5860000000 8.0993700000 -1 -1 -1 -1 -1 -1 10.9682000000 8.0692700000 10.8512000000 7.7995900000 10.4036000000 7.7800800000 10.2147000000 8.0845500000 10.3686000000 8.4245900000 10.6989000000 8.4524700000
121 1 6 0.4116400000 0 8.4756500000 8.1271700000 -1 -1 -1 -1 -1 -1 8.5095700000 7.7615700000 8.0651500000 8.0065600000 8.0659500000 8.2736400000 8.4024700000 8.4883200000 8.8797600000 8.2717200000 8.8817200000 7.9687500000
122 1 7 0.5764080000 0 9.3451100000 8.1535400000 -1 -1 -1 -1 -1 -1 -1 9.4274800000 8.6266400000 9.6708400000 8.5167400000 9.7968900000 8.0945600000 9.6371800000 7.8198900000 9.2296800000 7.7246800000 8.8817200000 7.9687500000 8.8797600000 8.2717200000
123 1 7 0.5403280000 0 7.6090900000 8.2087000000 -1 -1 -1 -1 -1 -1 -1 8.0651500000 8.0065600000 7.7857800000 7.8072500000 7.3480400000 7.8976800000 7.1273600000 8.2602700000 7.2722100000 8.5576000000 7.6924000000 8.6041900000 8.0659500000 8.2736400000
124 1 6 0.4000940000 0 5.6118200000 8.2333000000 -1 -1 -1 -1 -1 -1 5.1909800000 8.2289200000 5.3528300000 8.5396000000 5.7823100000 8.5547100000 6.0230900000 8.2488800000 5.9442600000 7.9905100000 5.4767800000 7.8776100000
125 1 7 0.4548320000 0 2.1486400000 8.2414900000 -1 -1 -1 -1 -1 -1 -1 1.8388700000 7.8956000000 1.7299500000 8.1377800000 1.9022400000 8.4700200000 2.3157300000 8.6791500000 2.4886000000 8.6104100000 2.4947200000 8.0986700000 2.1442000000 7.8340300000
126 1 6 0.3850040000 0 0.9184640000 8.2619400000 -1 -1 -1 -1 -1 -1 0.8837080000 8.6379000000 1.1995000000 8.5203700000 1.2985900000 8.1932700000 1.0148800000 7.8844100000 0.5984490000 8.0311200000 0.5502760000 8.3827800000
127 1 7 0.7465670000 0 2.9497900000 8.2776200000 -1 -1 -1 -1 -1 -1 -1 2.8649000000 8.8169500000 3.3092300000 8.5921300000 3.4582900000 8.1899600000 3.2876000000 7.8282000000 2.8877800000 7.7592700000 2.4947200000 8.0986700000 2.4886000000 8.6104100000
128 1 6 0.4100360000 0 4.3612300000 8.2860400000 -1 -1 -1 -1 -1 -1 4.6335800000 7.9843300000 4.1147400000 7.9938600000 3.9484600000 8.2186200000 4.0601900000 8.5579100000 4.5406100000 8.6379000000 4.7916200000 8.2176800000
129 1 5 0.3070580000 0 10.0112000000 8.3771500000 -1 -1 -1 -1 -1 10.2147000000 8.0845500000 9.7968900000 8.0945600000 9.6708400000 8.5167400000 10.0264000000 8.7385400000 10.3686000000 8.4245900000
130 1 5 0.3007740000 0 11.0499000000 8.4192600000 -1 -1 -1 -1 -1 10.6989000000 8.4524700000 10.9551000000 8.7829400000 11.3513000000 8.5825800000 11.3056000000 8.1709500000 10.9682000000 8.0692700000
131 1 6 0.3459440000 0 1.5508600000 8.4756600000 -1 -1 -1 -1 -1 -1 1.1995000000 8.5203700000 1.4898100000 8.8514000000 1.6981800000 8.8209100000 1.9022400000 8.4700200000 1.7299500000 8.1377800000 1.2985900000 8.1932700000
132 1 5 0.3298970000 0 3.6770000000 8.4819600000 -1 -1 -1 -1 -1 3.3092300000 8.5921300000 3.6077800000 8.8445600000 4.0601900000 8.5579100000 3.9484600000 8.2186200000 3.4582900000 8.1899600000
133 1 5 0.3148080000 0 6.1553400000 8.5770500000 -1 -1 -1 -1 -1 6.4652400000 8.7940800000 6.4926600000 8.4067200000 6.0230900000 8.2488800000 5.7823100000 8.5547100000 5.9706800000 8.8797700000
134 1 6 0.4388260000 0 4.9531400000 8.5880500000 -1 -1 -1 -1 -1 -1 4.7605400000 8.9768400000 5.1549400000 8.9251700000 5.3528300000 8.5396000000 5.1909800000 8.2289200000 4.7916200000 8.2176800000 4.5406100000 8.6379000000
135 1 7 0.4961780000 0 6.8455300000 8.6052300000 -1 -1 -1 -1 -1 -1 -1 7.1273600000 8.2602700000 6.7380400000 8.1944800000 6.4926600000 8.4067200000 6.4652400000 8.7940800000 6.6679900000 9.0200200000 7.0513400000 8.9703700000 7.2722100000 8.5576000000
136 1 5 0.3250800000 0 8.0601700000 8.6494000000 -1 -1 -1 -1 -1 8.4024700000 8.4883200000 8.0659500000 8.2736400000 7.6924000000 8.6041900000 7.8600600000 8.9630000000 8.2736200000 8.9412800000
137 1 4 0.1984740000 0 1.9930800000 8.7647800000 -1 -1 -1 -1 2.3157300000 8.6791500000 1.9022400000 8.4700200000 1.6981800000 8.8209100000 2.0219400000 9.0853300000
138 1 6 0.3805790000 0 5.5634900000 8.8564700000 -1 -1 -1 -1 -1 -1 5.3528300000 8.5396000000 5.1549400000 8.9251700000 5.3445500000 9.1664700000 5.8446200000 9.1186200000 5.9706800000 8.8797700000 5.7823100000 8.5547100000
139 1 5 0.2851350000 0 1.1574800000 8.8698300000 -1 -1 -1 -1 -1 1.3102900000 9.1926100000 1.4898100000 8.8514000000 1.1995000000 8.5203700000 0.8837080000 8.6379000000 0.9257830000 9.1297500000
140 1 7 1.0136200000 0 8.8769600000 8.8884000000 -1 -1 -1 -1 -1 -1 -1 8.8797600000 8.2717200000 8.4024700000 8.4883200000 8.2736200000 8.9412800000 8.5328400000 9.3611400000 9.0660200000 9.4666000000 9.4246000000 9.2007900000 9.4274800000 8.6266400000
141 1 7 0.6744470000 0 10.4768000000 8.9082800000 -1 -1 -1 -1 -1 -1 -1 10.0422000000 9.1718100000 10.4082000000 9.4073200000 10.8218000000 9.2662200000 10.9551000000 8.7829400000 10.6989000000 8.4524700000 10.3686000000 8.4245900000 10.0264000000 8.7385400000
142 1 6 0.4110650000 0 7.4635100000 8.9202500000 -1 -1 -1 -1 -1 -1 7.3149900000 9.2791900000 7.7190100000 9.2196600000 7.8600600000 8.9630000000 7.6924000000 8.6041900000 7.2722100000 8.5576000000 7.0513400000 8.9703700000
143 1 6 0.4062500000 0 9.7165900000 8.9405100000 -1 -1 -1 -1 -1 -1 9.4246000000 9.2007900000 9.7170700000 9.3606700000 10.0422000000 9.1718100000 10.0264000000 8.7385400000 9.6708400000 8.5167400000 9.4274800000 8.6266400000
144 1 5 0.3499940000 0 3.2403200000 8.9590300000 -1 -1 -1 -1 -1 3.6077800000 8.8445600000 3.3092300000 8.5921300000 2.8649000000 8.8169500000 3.0088100000 9.2677300000 3.4643100000 9.2628000000
145 1 6 0.4063950000 0 6.2522400000 9.1376800000 -1 -1 -1 -1 -1 -1 6.4652400000 8.7940800000 5.9706800000 8.8797700000 5.8446200000 9.1186200000 6.0044100000 9.4488900000 6.4361900000 9.4889400000 6.6679900000 9.0200200000
146 1 6 0.3662960000 0 1.6735300000 9.1944600000 -1 -1 -1 -1 -1 -1 1.4898100000 8.8514000000 1.3102900000 9.1926100000 1.4951600000 9.5306700000 1.9522000000 9.4929000000 2.0219400000 9.0853300000 1.6981800000 8.8209100000
147 1 8 1.2173300000 0 4.1186200000 9.1967200000 -1 -1 -1 -1 -1 -1 -1 -1 3.6077800000 8.8445600000 3.4643100000 9.2628000000 3.6221500000 9.6556800000 4.0798400000 9.8675900000 4.5818900000 9.6391300000 4.7605400000 8.9768400000 4.5406100000 8.6379000000 4.0601900000 8.5579100000
148 1 6 0.3786800000 0 8.1197000000 9.2656600000 -1 -1 -1 -1 -1 -1 7.9007900000 9.5501100000 8.4127900000 9.5648100000 8.5328400000 9.3611400000 8.2736200000 8.9412800000 7.8600600000 8.9630000000 7.7190100000 9.2196600000
149 1 9 0.9543430000 0 2.4860000000 9.2718800000 -1 -1 -1 -1 -1 -1 -1 -1 -1 2.8649000000 8.8169500000 2.4886000000 8.6104100000 2.3157300000 8.6791500000 2.0219400000 9.0853300000 1.9522000000 9.4929000000 2.1194700000 9.7531500000 2.5769800000 9.8765600000 2.8597300000 9.7222900000 3.0088100000 9.2677300000
150 1 6 0.4134700000 0 4.9586600000 9.3142500000 -1 -1 -1 -1 -1 -1 5.1549400000 8.9251700000 4.7605400000 8.9768400000 4.5818900000 9.6391300000 4.7121600000 9.7383000000 5.2566500000 9.5054600000 5.3445500000 9.1664700000
151 1 5 0.3184590000 0 5.6225900000 9.4060700000 -1 -1 -1 -1 -1 5.6477600000 9.7642000000 6.0044100000 9.4488900000 5.8446200000 9.1186200000 5.3445500000 9.1664700000 5.2566500000 9.5054600000
152 1 6 0.3903370000 0 1.0983100000 9.4834500000 -1 -1 -1 -1 -1 -1 1.3102900000 9.1926100000 0.9257830000 9.1297500000 0.7161740000 9.3535100000 0.8372720000 9.7544100000 1.2959000000 9.8416800000 1.4951600000 9.5306700000
153 1 7 0.6789940000 0 6.9026400000 9.4963800000 -1 -1 -1 -1 -1 -1 -1 6.7286600000 10.0118000000 6.9802200000 10.0475000000 7.2598600000 9.8147600000 7.3149900000 9.2791900000 7.0513400000 8.9703700000 6.6679900000 9.0200200000 6.4361900000 9.4889400000
154 1 5 0.3129930000 0 7.5458000000 9.5558000000 -1 -1 -1 -1 -1 7.9007900000 9.5501100000 7.7190100000 9.2196600000 7.3149900000 9.2791900000 7.2598600000 9.8147600000 7.5437500000 9.9362300000
155 1 6 0.4042590000 0 10.0498000000 9.5716400000 -1 -1 -1 -1 -1 -1 10.0422000000 9.1718100000 9.7170700000 9.3606700000 9.7158400000 9.7726300000 9.9966300000 9.9661200000 10.3947000000 9.7694700000 10.4082000000 9.4073200000
156 1 5 0.3597790000 0 3.2382800000 9.5748300000 -1 -1 -1 -1 -1 3.0088100000 9.2677300000 2.8597300000 9.7222900000 3.2678400000 9.9531400000 3.6221500000 9.6556800000 3.4643100000 9.2628000000
157 1 6 0.3918340000 0 9.3953000000 9.6150000000 -1 -1 -1 -1 -1 -1 9.4246000000 9.2007900000 9.0660200000 9.4666000000 9.1119100000 9.9280500000 9.3227300000 10.0306000000 9.7158400000 9.7726300000 9.7170700000 9.3606700000
158 1 5 0.3142720000 0 8.7992400000 9.6801000000 -1 -1 -1 -1 -1 9.1119100000 9.9280500000 9.0660200000 9.4666000000 8.5328400000 9.3611400000 8.4127900000 9.5648100000 8.8122700000 10.0604000000
159 1 6 0.4354680000 0 1.7040900000 9.8527700000 -1 -1 -1 -1 -1 -1 2.1194700000 9.7531500000 1.9522000000 9.4929000000 1.4951600000 9.5306700000 1.2959000000 9.8416800000 1.5004600000 10.2388000000 1.8564400000 10.2212000000
160 1 6 0.4027560000 0 3.6821800000 10.0307000000 -1 -1 -1 -1 -1 -1 3.3202500000 10.2266000000 3.7015800000 10.3814000000 4.0414900000 10.2191000000 4.0798400000 9.8675900000 3.6221500000 9.6556800000 3.2678400000 9.9531400000
161 1 6 0.8452120000 0 5.1870600000 10.0829000000 -1 -1 -1 -1 -1 -1 5.6212900000 10.4842000000 5.6477600000 9.7642000000 5.2566500000 9.5054600000 4.7121600000 9.7383000000 4.7127100000 10.3709000000 5.2267400000 10.6656000000
162 1 7 1.1181700000 0 6.1377100000 10.1123000000 -1 -1 -1 -1 -1 -1 -1 6.7286600000 10.0118000000 6.4361900000 9.4889400000 6.0044100000 9.4488900000 5.6477600000 9.7642000000 5.6212900000 10.4842000000 6.0080900000 10.8098000000 6.4607600000 10.6764000000
163 1 7 0.4763130000 0 4.4130400000 10.1133000000 -1 -1 -1 -1 -1 -1 -1 4.4953700000 10.5838000000 4.7127100000 10.3709000000 4.7121600000 9.7383000000 4.5818900000 9.6391300000 4.0798400000 9.8675900000 4.0414900000 10.2191000000 4.3252200000 10.5691000000
164 1 5 0.3651280000 0 2.2447500000 10.1237000000 -1 -1 -1 -1 -1 2.1194700000 9.7531500000 1.8564400000 10.2212000000 2.0935600000 10.4915000000 2.5562500000 10.3315000000 2.5769800000 9.8765600000
165 1 5 0.3308280000 0 9.6613600000 10.1524000000 -1 -1 -1 -1 -1 9.4474200000 10.4788000000 9.8344000000 10.4874000000 9.9966300000 9.9661200000 9.7158400000 9.7726300000 9.3227300000 10.0306000000
166 1 7 1.1730400000 0 8.1612600000 10.1565000000 -1 -1 -1 -1 -1 -1 -1 7.9007900000 9.5501100000 7.5437500000 9.9362300000 7.5961500000 10.4603000000 8.0455700000 10.7915000000 8.6448100000 10.6418000000 8.8122700000 10.0604000000 8.4127900000 9.5648100000
167 1 7 0.4770960000 0 2.9145900000 10.1594000000 -1 -1 -1 -1 -1 -1 -1 2.8224300000 10.5825000000 3.0911600000 10.5430000000 3.3202500000 10.2266000000 3.2678400000 9.9531400000 2.8597300000 9.7222900000 2.5769800000 9.8765600000 2.5562500000 10.3315000000
168 1 6 0.3720400000 0 7.2992500000 10.2344000000 -1 -1 -1 -1 -1 -1 6.9802200000 10.0475000000 7.0881800000 10.5617000000 7.3250800000 10.6537000000 7.5961500000 10.4603000000 7.5437500000 9.9362300000 7.2598600000 9.8147600000
169 1 7 0.5185440000 0 9.0492600000 10.4083000000 -1 -1 -1 -1 -1 -1 -1 9.4474200000 10.4788000000 9.3227300000 10.0306000000 9.1119100000 9.9280500000 8.8122700000 10.0604000000 8.6448100000 10.6418000000 8.7902600000 10.8215000000 9.2315600000 10.8024000000
170 1 5 0.3205140000 0 6.7904900000 10.4313000000 -1 -1 -1 -1 -1 6.9802200000 10.0475000000 6.7286600000 10.0118000000 6.4607600000 10.6764000000 6.6898400000 10.8406000000 7.0881800000 10.5617000000
171 1 5 0.2981040000 0 3.4451900000 10.5866000000 -1 -1 -1 -1 -1 3.7116800000 10.8483000000 3.7015800000 10.3814000000 3.3202500000 10.2266000000 3.0911600000 10.5430000000 3.4436700000 10.9637000000
172 1 5 0.3068070000 0 3.9699100000 10.5940000000 -1 -1 -1 -1 -1 3.7015800000 10.3814000000 3.7116800000 10.8483000000 4.0195700000 10.9679000000 4.3252200000 10.5691000000 4.0414900000 10.2191000000
173 1 6 0.3945220000 0 2.4424000000 10.7020000000 -1 -1 -1 -1 -1 -1 2.7003000000 11.0024000000 2.8224300000 10.5825000000 2.5562500000 10.3315000000 2.0935600000 10.4915000000 2.0491800000 10.7837000000 2.4195200000 11.0820000000
174 1 5 0.3277040000 0 4.8687100000 10.7443000000 -1 -1 -1 -1 -1 5.1663000000 11.0132000000 5.2267400000 10.6656000000 4.7127100000 10.3709000000 4.4953700000 10.5838000000 4.7494800000 11.0784000000
175 1 5 0.3053680000 0 7.6667800000 10.8138000000 -1 -1 -1 -1 -1 7.5961500000 10.4603000000 7.3250800000 10.6537000000 7.4227100000 11.0577000000 7.9373000000 11.0889000000 8.0455700000 10.7915000000
176 1 6 0.4264870000 0 9.6519400000 10.8296000000 -1 -1 -1 -1 -1 -1 9.8344000000 10.4874000000 9.4474200000 10.4788000000 9.2315600000 10.8024000000 9.4067100000 11.1370000000 9.9123300000 11.1596000000 10.0769000000 10.9006000000
177 1 6 0.4243990000 0 5.5689300000 10.8752000000 -1 -1 -1 -1 -1 -1 6.0080900000 10.8098000000 5.6212900000 10.4842000000 5.2267400000 10.6656000000 5.1663000000 11.0132000000 5.4000700000 11.2293000000 5.9141300000 11.1054000000
178 1 6 0.3750180000 0 3.0604900000 10.9317000000 -1 -1 -1 -1 -1 -1 2.8224300000 10.5825000000 2.7003000000 11.0024000000 2.9918900000 11.2937000000 3.3630800000 11.2169000000 3.4436700000 10.9637000000 3.0911600000 10.5430000000
179 1 6 0.3837500000 0 7.0606500000 10.9492000000 -1 -1 -1 -1 -1 -1 6.7345200000 11.1857000000 7.1559500000 11.3204000000 7.4227100000 11.0577000000 7.3250800000 10.6537000000 7.0881800000 10.5617000000 6.6898400000 10.8406000000
180 1 6 0.4023650000 0 8.3632100000 10.9912000000 -1 -1 -1 -1 -1 -1 8.5944600000 11.2639000000 8.7902600000 10.8215000000 8.6448100000 10.6418000000 8.0455700000 10.7915000000 7.9373000000 11.0889000000 8.1194100000 11.3284000000
181 1 6 0.4015490000 0 4.3831100000 11.0113000000 -1 -1 -1 -1 -1 -1 4.3252200000 10.5691000000 4.0195700000 10.9679000000 4.1577800000 11.3517000000 4.5656300000 11.3879000000 4.7494800000 11.0784000000 4.4953700000 10.5838000000
182 1 7 0.5047820000 0 6.3359500000 11.0982000000 -1 -1 -1 -1 -1 -1 -1 6.6898400000 10.8406000000 6.4607600000 10.6764000000 6.0080900000 10.8098000000 5.9141300000 11.1054000000 6.1423600000 11.4991000000 6.4648500000 11.5244000000 6.7345200000 11.1857000000
183 1 6 0.4095980000 0 8.9965900000 11.1470000000 -1 -1 -1 -1 -1 -1 8.5944600000 11.2639000000 8.7362700000 11.4681000000 9.1570900000 11.4838000000 9.4067100000 11.1370000000 9.2315600000 10.8024000000 8.7902600000 10.8215000000
184 1 7 0.4650530000 0 3.7591400000 11.2656000000 -1 -1 -1 -1 -1 -1 -1 4.1577800000 11.3517000000 4.0195700000 10.9679000000 3.7116800000 10.8483000000 3.4436700000 10.9637000000 3.3630800000 11.2169000000 3.6021700000 11.6518000000 3.9111000000 11.6948000000
185 1 7 0.4775150000 0 4.9993600000 11.3978000000 -1 -1 -1 -1 -1 -1 -1 5.0758400000 11.7944000000 5.3644900000 11.5840000000 5.4000700000 11.2293000000 5.1663000000 11.0132000000 4.7494800000 11.0784000000 4.5656300000 11.3879000000 4.7233100000 11.7205000000
186 1 5 0.3605490000 0 5.7312700000 11.4458000000 -1 -1 -1 -1 -1 5.3644900000 11.5840000000 5.7682700000 11.8196000000 6.1423600000 11.4991000000 5.9141300000 11.1054000000 5.4000700000 11.2293000000
187 1 7 0.6312730000 0 7.6189000000 11.4683000000 -1 -1 -1 -1 -1 -1 -1 8.1194100000 11.3284000000 7.9373000000 11.0889000000 7.4227100000 11.0577000000 7.1559500000 11.3204000000 7.2055300000 11.7621000000 7.5228800000 11.9380000000 7.9947600000 11.7344000000
188 1 5 0.3608940000 0 6.8698500000 11.5542000000 -1 -1 -1 -1 -1 6.8387300000 11.9514000000 7.2055300000 11.7621000000 7.1559500000 11.3204000000 6.7345200000 11.1857000000 6.4648500000 11.5244000000
189 1 5 0.3162770000 0 3.2349600000 11.5619000000 -1 -1 -1 -1 -1 2.9918900000 11.2937000000 2.9113900000 11.6966000000 3.2442900000 11.9328000000 3.6021700000 11.6518000000 3.3630800000 11.2169000000
190 1 6 0.3851990000 0 8.3639800000 11.6161000000 -1 -1 -1 -1 -1 -1 8.5944600000 11.2639000000 8.1194100000 11.3284000000 7.9947600000 11.7344000000 8.2473400000 12.0029000000 8.5458800000 11.9423000000 8.7362700000 11.4681000000
191 1 6 0.4651730000 0 4.3231100000 11.7503000000 -1 -1 -1 -1 -1 -1 4.1577800000 11.3517000000 3.9111000000 11.6948000000 4.1870000000 12.1925000000 4.4580900000 12.1744000000 4.7233100000 11.7205000000 4.5656300000 11.3879000000
192 1 5 0.3626330000 0 5.4217500000 11.9716000000 -1 -1 -1 -1 -1 5.6703200000 12.3138000000 5.7682700000 11.8196000000 5.3644900000 11.5840000000 5.0758400000 11.7944000000 5.1800200000 12.2684000000
193 1 5 0.3648890000 0 4.8362200000 12.1059000000 -1 -1 -1 -1 -1 4.7233100000 11.7205000000 4.4580900000 12.1744000000 4.7645500000 12.5159000000 5.1800200000 12.2684000000 5.0758400000 11.7944000000
194 1 8 1.0997900000 0 6.2702400000 12.1401000000 -1 -1 -1 -1 -1 -1 -1 -1 6.4648500000 11.5244000000 6.1423600000 11.4991000000 5.7682700000 11.8196000000 5.6703200000 12.3138000000 5.9994200000 12.7235000000 6.5031100000 12.7225000000 6.8366200000 12.4061000000 6.8387300000 11.9514000000
195 1 6 0.4402720000 0 7.1881000000 12.1701000000 -1 -1 -1 -1 -1 -1 7.2394000000 12.5831000000 7.5640400000 12.3202000000 7.5228800000 11.9380000000 7.2055300000 11.7621000000 6.8387300000 11.9514000000 6.8366200000 12.4061000000
