196 1
0 1 7 0.6763870000 0 6.4326900000 0.5728380000 -1 -1 -1 -1 -1 -1 -1 6.9008200000 0.3123980000 6.4568100000 0.0750395000 6.1118500000 0.2189780000 5.9528400000 0.6991350000 6.1294300000 1.0151100000 6.4388500000 1.0730400000 6.9234800000 0.6719710000
1 1 7 0.6851400000 0 4.6675400000 0.9169770000 -1 -1 -1 -1 -1 -1 -1 4.5730100000 1.4709600000 5.0967700000 1.1559300000 5.1500500000 0.8387720000 4.8434200000 0.4449610000 4.4496800000 0.4268450000 4.2353800000 0.6736100000 4.3579000000 1.3681300000
2 1 5 0.4960150000 0 5.6143200000 1.0416800000 -1 -1 -1 -1 -1 5.9528400000 0.6991350000 5.1500500000 0.8387720000 5.0967700000 1.1559300000 5.7209000000 1.4520700000 6.1294300000 1.0151100000
3 1 6 1.3800800000 0 3.6455300000 1.1345800000 -1 -1 -1 -1 -1 -1 3.4129300000 0.4490580000 2.9525700000 0.9009210000 3.1238100000 1.6391400000 3.6521200000 1.8544700000 4.3579000000 1.3681300000 4.2353800000 0.6736100000
4 1 5 0.4271180000 0 7.5542400000 1.1702700000 -1 -1 -1 -1 -1 7.7673800000 0.7685180000 7.2363400000 0.8692830000 7.2586400000 1.4964100000 7.6398600000 1.5849800000 7.9337900000 1.2432800000
5 1 6 0.5642070000 0 6.8967200000 1.1860000000 -1 -1 -1 -1 -1 -1 6.5729400000 1.5056000000 7.0710300000 1.6517700000 7.2586400000 1.4964100000 7.2363400000 0.8692830000 6.9234800000 0.6719710000 6.4388500000 1.0730400000
6 1 6 0.5834530000 0 6.1438900000 1.5224000000 -1 -1 -1 -1 -1 -1 5.8552500000 1.9898300000 6.2146300000 2.0199600000 6.5729400000 1.5056000000 6.4388500000 1.0730400000 6.1294300000 1.0151100000 5.7209000000 1.4520700000
7 1 4 0.3074530000 0 8.0181800000 1.6085000000 -1 -1 -1 -1 8.0219600000 2.0176100000 8.4299700000 1.5498900000 7.9337900000 1.2432800000 7.6398600000 1.5849800000
8 1 6 1.2291500000 0 5.1724100000 1.8325500000 -1 -1 -1 -1 -1 -1 5.2438300000 2.5377200000 5.8552500000 1.9898300000 5.7209000000 1.4520700000 5.0967700000 1.1559300000 4.5730100000 1.4709600000 4.6188100000 2.2399200000
9 1 5 0.4788800000 0 6.6863300000 1.9230500000 -1 -1 -1 -1 -1 7.0710300000 1.6517700000 6.5729400000 1.5056000000 6.2146300000 2.0199600000 6.5461500000 2.3565400000 7.0908800000 2.0802300000
10 1 7 0.5798960000 0 7.5068300000 1.9466800000 -1 -1 -1 -1 -1 -1 -1 8.0219600000 2.0176100000 7.6398600000 1.5849800000 7.2586400000 1.4964100000 7.0710300000 1.6517700000 7.0908800000 2.0802300000 7.4386500000 2.3715800000 7.9811300000 2.2466000000
11 1 9 1.4019100000 0 8.7609800000 2.0163300000 -1 -1 -1 -1 -1 -1 -1 -1 -1 9.3934000000 1.4761500000 8.9838000000 1.3289400000 8.4299700000 1.5498900000 8.0219600000 2.0176100000 7.9811300000 2.2466000000 8.2006000000 2.5548400000 8.7684500000 2.6839300000 9.2562300000 2.4067600000 9.5004400000 1.7156900000
12 1 6 0.9018910000 0 4.1225200000 2.0425700000 -1 -1 -1 -1 -1 -1 4.3579000000 1.3681300000 3.6521200000 1.8544700000 3.6404300000 2.6049100000 3.8106100000 2.7161500000 4.6188100000 2.2399200000 4.5730100000 1.4709600000
13 1 5 0.4888040000 0 9.6647800000 2.1749700000 -1 -1 -1 -1 -1 9.5004400000 1.7156900000 9.2562300000 2.4067600000 9.6456200000 2.6499100000 10.0503000000 2.3339200000 9.9268800000 1.7856200000
14 1 5 0.7497830000 0 3.2285900000 2.1999100000 -1 -1 -1 -1 -1 3.6404300000 2.6049100000 3.6521200000 1.8544700000 3.1238100000 1.6391400000 2.7024800000 2.0524500000 3.0188300000 2.7507100000
15 1 5 0.4756680000 0 6.9838200000 2.4959500000 -1 -1 -1 -1 -1 6.6182600000 2.8030700000 7.2516900000 2.8344900000 7.4386500000 2.3715800000 7.0908800000 2.0802300000 6.5461500000 2.3565400000
16 1 7 1.0908200000 0 2.3577000000 2.5261700000 -1 -1 -1 -1 -1 -1 -1 2.1579900000 1.8876700000 1.9119600000 2.0531100000 1.7398900000 2.5875400000 1.9615000000 3.0225900000 2.8412900000 3.0488800000 3.0188300000 2.7507100000 2.7024800000 2.0524500000
17 1 6 0.5727190000 0 7.7190900000 2.6929400000 -1 -1 -1 -1 -1 -1 7.2516900000 2.8344900000 7.4296600000 3.1140600000 7.9276000000 3.0755400000 8.2006000000 2.5548400000 7.9811300000 2.2466000000 7.4386500000 2.3715800000
18 1 8 1.4391500000 0 5.9301900000 2.7142800000 -1 -1 -1 -1 -1 -1 -1 -1 5.2438300000 2.5377200000 5.2864600000 3.1135300000 5.6872500000 3.4102200000 6.3460700000 3.2709300000 6.6182600000 2.8030700000 6.5461500000 2.3565400000 6.2146300000 2.0199600000 5.8552500000 1.9898300000
19 1 8 1.4510400000 0 1.1312700000 2.9443300000 -1 -1 -1 -1 -1 -1 -1 -1 0.4408260000 3.2807200000 1.0017700000 3.5923900000 1.7921200000 3.3438200000 1.9615000000 3.0225900000 1.7398900000 2.5875400000 1.1158800000 2.3005300000 0.7259220000 2.3538800000 0.3894960000 2.7420500000
20 1 6 1.4661300000 0 4.5456300000 2.9479800000 -1 -1 -1 -1 -1 -1 4.6188100000 2.2399200000 3.8106100000 2.7161500000 3.8424700000 3.3808400000 4.6249400000 3.6464700000 5.2864600000 3.1135300000 5.2438300000 2.5377200000
21 1 6 0.9701930000 0 10.1414000000 2.9572800000 -1 -1 -1 -1 -1 -1 10.2602000000 3.6088500000 10.7271000000 3.0257400000 10.4559000000 2.4225100000 10.0503000000 2.3339200000 9.6456200000 2.6499100000 9.6934300000 3.4076400000
22 1 5 0.4997560000 0 8.3828700000 2.9701400000 -1 -1 -1 -1 -1 8.7794800000 3.1771200000 8.7684500000 2.6839300000 8.2006000000 2.5548400000 7.9276000000 3.0755400000 8.2268100000 3.4042000000
23 1 6 0.7863020000 0 9.2537000000 2.9858900000 -1 -1 -1 -1 -1 -1 9.2562300000 2.4067600000 8.7684500000 2.6839300000 8.7794800000 3.1771200000 9.3862300000 3.5835300000 9.6934300000 3.4076400000 9.6456200000 2.6499100000
24 1 7 0.7336410000 0 3.3927000000 3.0920800000 -1 -1 -1 -1 -1 -1 -1 3.5806800000 3.5888300000 3.8424700000 3.3808400000 3.8106100000 2.7161500000 3.6404300000 2.6049100000 3.0188300000 2.7507100000 2.8412900000 3.0488800000 3.0147300000 3.4370200000
25 1 6 0.5580270000 0 6.8888500000 3.1491100000 -1 -1 -1 -1 -1 -1 7.4296600000 3.1140600000 7.2516900000 2.8344900000 6.6182600000 2.8030700000 6.3460700000 3.2709300000 6.5565800000 3.5034400000 7.2600500000 3.4134200000
26 1 6 0.7645740000 0 2.4002000000 3.4045900000 -1 -1 -1 -1 -1 -1 1.9615000000 3.0225900000 1.7921200000 3.3438200000 2.0042000000 3.7415800000 2.6561900000 3.8589300000 3.0147300000 3.4370200000 2.8412900000 3.0488800000
27 1 7 0.6178940000 0 7.7395400000 3.4950000000 -1 -1 -1 -1 -1 -1 -1 7.4296600000 3.1140600000 7.2600500000 3.4134200000 7.4167200000 3.8346200000 7.7236400000 3.9586800000 8.1587400000 3.7405900000 8.2268100000 3.4042000000 7.9276000000 3.0755400000
28 1 5 0.5255860000 0 5.1879300000 3.5728700000 -1 -1 -1 -1 -1 5.5222200000 3.8670500000 5.6872500000 3.4102200000 5.2864600000 3.1135300000 4.6249400000 3.6464700000 4.7240400000 3.8881600000
29 1 7 1.1619000000 0 10.9443000000 3.6322200000 -1 -1 -1 -1 -1 -1 -1 11.1373000000 4.2357000000 11.5854000000 3.8429000000 11.5650000000 3.4254900000 11.1236000000 3.0182800000 10.7271000000 3.0257400000 10.2602000000 3.6088500000 10.4133000000 4.0717600000
30 1 6 0.8537850000 0 8.7731800000 3.7002400000 -1 -1 -1 -1 -1 -1 9.3862300000 3.5835300000 8.7794800000 3.1771200000 8.2268100000 3.4042000000 8.1587400000 3.7405900000 8.5883800000 4.1928500000 9.3120000000 4.0417100000
31 1 7 0.6477570000 0 6.0625400000 3.7041100000 -1 -1 -1 -1 -1 -1 -1 5.6872500000 3.4102200000 5.5222200000 3.8670500000 5.6387400000 4.0468100000 6.2787000000 4.0927200000 6.5206400000 3.8759000000 6.5565800000 3.5034400000 6.3460700000 3.2709300000
32 1 5 0.4738850000 0 1.5087500000 3.7219000000 -1 -1 -1 -1 -1 1.7921200000 3.3438200000 1.0017700000 3.5923900000 1.0315600000 3.8797200000 1.6210800000 4.1014600000 2.0042000000 3.7415800000
33 1 5 0.4462390000 0 6.9616200000 3.7429200000 -1 -1 -1 -1 -1 7.4167200000 3.8346200000 7.2600500000 3.4134200000 6.5565800000 3.5034400000 6.5206400000 3.8759000000 7.0344700000 4.1310000000
34 1 7 0.6928900000 0 4.1367600000 3.8369000000 -1 -1 -1 -1 -1 -1 -1 4.7240400000 3.8881600000 4.6249400000 3.6464700000 3.8424700000 3.3808400000 3.5806800000 3.5888300000 3.6316500000 3.9488400000 4.1091300000 4.2765800000 4.5714100000 4.1853600000
35 1 7 0.7702170000 0 0.5121880000 3.8394500000 -1 -1 -1 -1 -1 -1 -1 0.0329043000 4.0449900000 0.3518460000 4.3814800000 0.7336360000 4.3047100000 1.0315600000 3.8797200000 1.0017700000 3.5923900000 0.4408260000 3.2807200000 0.1222480000 3.4741200000
36 1 7 0.7511080000 0 9.8430600000 3.8993100000 -1 -1 -1 -1 -1 -1 -1 9.6934300000 3.4076400000 9.3862300000 3.5835300000 9.3120000000 4.0417100000 9.5952400000 4.3273400000 10.2559000000 4.2763000000 10.4133000000 4.0717600000 10.2602000000 3.6088500000
37 1 6 0.6413500000 0 3.1396000000 3.9119100000 -1 -1 -1 -1 -1 -1 3.5806800000 3.5888300000 3.0147300000 3.4370200000 2.6561900000 3.8589300000 2.8168500000 4.3423900000 3.1681200000 4.4006800000 3.6316500000 3.9488400000
38 1 5 0.4739800000 0 8.1271200000 4.1812800000 -1 -1 -1 -1 -1 8.3527700000 4.5868300000 8.5883800000 4.1928500000 8.1587400000 3.7405900000 7.7236400000 3.9586800000 7.7767900000 4.4275900000
39 1 6 0.5676680000 0 5.1069100000 4.1927400000 -1 -1 -1 -1 -1 -1 5.6387400000 4.0468100000 5.5222200000 3.8670500000 4.7240400000 3.8881600000 4.5714100000 4.1853600000 4.9299800000 4.6020700000 5.3623400000 4.5439700000
40 1 5 0.4310080000 0 1.1960300000 4.2651600000 -1 -1 -1 -1 -1 1.6060300000 4.4385500000 1.6210800000 4.1014600000 1.0315600000 3.8797200000 0.7336360000 4.3047100000 1.0620900000 4.6408900000
41 1 7 0.9465710000 0 2.1877700000 4.2754600000 -1 -1 -1 -1 -1 -1 -1 1.6060300000 4.4385500000 1.8576000000 4.7490100000 2.3260400000 4.8291300000 2.8168500000 4.3423900000 2.6561900000 3.8589300000 2.0042000000 3.7415800000 1.6210800000 4.1014600000
42 1 6 0.5892870000 0 11.6641000000 4.2955800000 -1 -1 -1 -1 -1 -1 12.1341000000 4.4881800000 12.0663000000 4.0358800000 11.5854000000 3.8429000000 11.1373000000 4.2357000000 11.2240000000 4.5316900000 11.8481000000 4.7175500000
43 1 6 0.5181730000 0 7.3795100000 4.3107700000 -1 -1 -1 -1 -1 -1 7.4167200000 3.8346200000 7.0344700000 4.1310000000 7.0220100000 4.6679900000 7.2543800000 4.8103700000 7.7767900000 4.4275900000 7.7236400000 3.9586800000
44 1 5 0.4388100000 0 6.7002000000 4.3174900000 -1 -1 -1 -1 -1 6.2787000000 4.0927200000 6.6351200000 4.7697200000 7.0220100000 4.6679900000 7.0344700000 4.1310000000 6.5206400000 3.8759000000
45 1 5 0.5121670000 0 3.6491100000 4.4212600000 -1 -1 -1 -1 -1 3.4205300000 4.8169600000 3.9300100000 4.7564300000 4.1091300000 4.2765800000 3.6316500000 3.9488400000 3.1681200000 4.4006800000
46 1 6 0.6142760000 0 10.7322000000 4.5227400000 -1 -1 -1 -1 -1 -1 10.5333000000 4.9880700000 10.8458000000 5.0307300000 11.2240000000 4.5316900000 11.1373000000 4.2357000000 10.4133000000 4.0717600000 10.2559000000 4.2763000000
47 1 7 1.0825600000 0 8.9883400000 4.6337100000 -1 -1 -1 -1 -1 -1 -1 8.3527700000 4.5868300000 8.5035400000 5.0619000000 8.9709800000 5.2594100000 9.4555900000 5.0146300000 9.5952400000 4.3273400000 9.3120000000 4.0417100000 8.5883800000 4.1928500000
48 1 6 1.1023900000 0 5.9952100000 4.6496600000 -1 -1 -1 -1 -1 -1 6.2787000000 4.0927200000 5.6387400000 4.0468100000 5.3623400000 4.5439700000 5.6633300000 5.1727700000 6.3655900000 5.2523000000 6.6351200000 4.7697200000
49 1 7 0.8426390000 0 4.4420200000 4.7665100000 -1 -1 -1 -1 -1 -1 -1 3.9300100000 4.7564300000 4.1652700000 5.2515900000 4.5754900000 5.3516500000 4.8630100000 5.1197500000 4.9299800000 4.6020700000 4.5714100000 4.1853600000 4.1091300000 4.2765800000
50 1 5 0.8195340000 0 9.9766700000 4.7940400000 -1 -1 -1 -1 -1 10.5333000000 4.9880700000 10.2559000000 4.2763000000 9.5952400000 4.3273400000 9.4555900000 5.0146300000 10.0242000000 5.3881200000
51 1 6 0.6086950000 0 0.6657580000 4.8043300000 -1 -1 -1 -1 -1 -1 0.3518460000 4.3814800000 0.2452930000 5.0591100000 0.7719880000 5.3139800000 1.0630000000 5.0746700000 1.0620900000 4.6408900000 0.7336360000 4.3047100000
52 1 5 0.4123090000 0 1.4278300000 4.8236500000 -1 -1 -1 -1 -1 1.6060300000 4.4385500000 1.0620900000 4.6408900000 1.0630000000 5.0746700000 1.5573100000 5.1991300000 1.8576000000 4.7490100000
53 1 5 0.4500860000 0 5.2401000000 4.9599900000 -1 -1 -1 -1 -1 4.8630100000 5.1197500000 5.4127400000 5.3972700000 5.6633300000 5.1727700000 5.3623400000 4.5439700000 4.9299800000 4.6020700000
54 1 6 0.5703130000 0 12.2212000000 4.9882000000 -1 -1 -1 -1 -1 -1 12.5532000000 4.6619600000 12.1341000000 4.4881800000 11.8481000000 4.7175500000 11.9122000000 5.3547200000 12.2129000000 5.5017600000 12.6183000000 5.2048400000
55 1 6 1.0145600000 0 7.8634400000 5.0008200000 -1 -1 -1 -1 -1 -1 8.3527700000 4.5868300000 7.7767900000 4.4275900000 7.2543800000 4.8103700000 7.3267600000 5.4006000000 8.0643800000 5.5714200000 8.5035400000 5.0619000000
56 1 8 1.1495600000 0 2.8521900000 5.0512800000 -1 -1 -1 -1 -1 -1 -1 -1 2.3260400000 4.8291300000 2.3152900000 5.4308500000 2.5596400000 5.7107100000 2.9535500000 5.7099800000 3.3354300000 5.3472600000 3.4205300000 4.8169600000 3.1681200000 4.4006800000 2.8168500000 4.3423900000
57 1 5 0.7621140000 0 11.4254000000 5.0629900000 -1 -1 -1 -1 -1 10.8458000000 5.0307300000 11.3513000000 5.6379200000 11.9122000000 5.3547200000 11.8481000000 4.7175500000 11.2240000000 4.5316900000
58 1 5 0.4651970000 0 3.7263000000 5.1453200000 -1 -1 -1 -1 -1 4.1652700000 5.2515900000 3.9300100000 4.7564300000 3.4205300000 4.8169600000 3.3354300000 5.3472600000 3.7709400000 5.5765800000
59 1 5 0.4509280000 0 1.9807400000 5.1476200000 -1 -1 -1 -1 -1 1.7321400000 5.5274700000 2.3152900000 5.4308500000 2.3260400000 4.8291300000 1.8576000000 4.7490100000 1.5573100000 5.1991300000
60 1 7 0.6400380000 0 6.8859600000 5.1488400000 -1 -1 -1 -1 -1 -1 -1 7.0803100000 5.5957200000 7.3267600000 5.4006000000 7.2543800000 4.8103700000 7.0220100000 4.6679900000 6.6351200000 4.7697200000 6.3655900000 5.2523000000 6.4752100000 5.4601100000
61 1 6 0.5390100000 0 1.2470000000 5.4813000000 -1 -1 -1 -1 -1 -1 1.5579600000 5.8398200000 1.7321400000 5.5274700000 1.5573100000 5.1991300000 1.0630000000 5.0746700000 0.7719880000 5.3139800000 0.9460770000 5.8229300000
62 1 5 0.4904230000 0 8.5479600000 5.4988900000 -1 -1 -1 -1 -1 8.9709800000 5.2594100000 8.5035400000 5.0619000000 8.0643800000 5.5714200000 8.2718800000 5.8981600000 8.9286000000 5.7200600000
63 1 6 0.7208480000 0 9.4456000000 5.5087700000 -1 -1 -1 -1 -1 -1 8.9709800000 5.2594100000 8.9286000000 5.7200600000 9.2218900000 5.9755800000 9.9870300000 5.7314200000 10.0242000000 5.3881200000 9.4555900000 5.0146300000
64 1 5 0.4677870000 0 5.0145900000 5.5461400000 -1 -1 -1 -1 -1 5.3922800000 5.8387900000 5.4127400000 5.3972700000 4.8630100000 5.1197500000 4.5754900000 5.3516500000 4.8386600000 5.9465500000
65 1 7 0.7907660000 0 5.9054300000 5.6314600000 -1 -1 -1 -1 -1 -1 -1 5.6633300000 5.1727700000 5.4127400000 5.3972700000 5.3922800000 5.8387900000 5.8013900000 6.1696000000 6.2305700000 6.0241500000 6.4752100000 5.4601100000 6.3655900000 5.2523000000
66 1 8 1.2793000000 0 10.6830000000 5.6764000000 -1 -1 -1 -1 -1 -1 -1 -1 10.8458000000 5.0307300000 10.5333000000 4.9880700000 10.0242000000 5.3881200000 9.9870300000 5.7314200000 10.4817000000 6.2743400000 10.9697000000 6.3152400000 11.3347000000 6.0196500000 11.3513000000 5.6379200000
67 1 5 0.4627860000 0 3.3993900000 5.7867000000 -1 -1 -1 -1 -1 2.9535500000 5.7099800000 3.2527700000 6.2007100000 3.7241100000 6.0942200000 3.7709400000 5.5765800000 3.3354300000 5.3472600000
68 1 8 1.5498900000 0 0.1825680000 5.7934800000 -1 -1 -1 -1 -1 -1 -1 -1 -0.4793430000 5.4118300000 -0.5559770000 6.0195900000 -0.2230930000 6.4087200000 0.2011710000 6.4928000000 0.7306310000 6.2594000000 0.9460770000 5.8229300000 0.7719880000 5.3139800000 0.2452930000 5.0591100000
69 1 6 0.6035710000 0 11.8132000000 5.8132300000 -1 -1 -1 -1 -1 -1 12.2677000000 5.9823900000 12.2129000000 5.5017600000 11.9122000000 5.3547200000 11.3513000000 5.6379200000 11.3347000000 6.0196500000 11.8422000000 6.2805600000
70 1 6 0.5621480000 0 2.0597300000 5.8240400000 -1 -1 -1 -1 -1 -1 2.3152900000 5.4308500000 1.7321400000 5.5274700000 1.5579600000 5.8398200000 1.7631800000 6.1964700000 2.3510000000 6.1686200000 2.5596400000 5.7107100000
71 1 5 0.4725080000 0 6.6747100000 5.8574700000 -1 -1 -1 -1 -1 7.0803100000 5.5957200000 6.4752100000 5.4601100000 6.2305700000 6.0241500000 6.5050100000 6.2621400000 7.0599700000 6.0551100000
72 1 7 0.9520880000 0 4.2600700000 5.8607200000 -1 -1 -1 -1 -1 -1 -1 4.1652700000 5.2515900000 3.7709400000 5.5765800000 3.7241100000 6.0942200000 4.0386800000 6.4135000000 4.6036500000 6.3603000000 4.8386600000 5.9465500000 4.5754900000 5.3516500000
73 1 8 0.8171870000 0 7.5922700000 5.8744400000 -1 -1 -1 -1 -1 -1 -1 -1 8.2718800000 5.8981600000 8.0643800000 5.5714200000 7.3267600000 5.4006000000 7.0803100000 5.5957200000 7.0599700000 6.0551100000 7.2680600000 6.3232500000 7.5296200000 6.3700000000 8.2455700000 5.9856100000
74 1 6 0.5511540000 0 8.7939400000 6.1436700000 -1 -1 -1 -1 -1 -1 8.2455700000 5.9856100000 8.8255900000 6.6496100000 9.0601100000 6.6117000000 9.2218900000 5.9755800000 8.9286000000 5.7200600000 8.2718800000 5.8981600000
75 1 6 0.5659060000 0 2.8065100000 6.1519500000 -1 -1 -1 -1 -1 -1 2.6965500000 6.6097800000 3.1262900000 6.5309300000 3.2527700000 6.2007100000 2.9535500000 5.7099800000 2.5596400000 5.7107100000 2.3510000000 6.1686200000
76 1 6 0.6036070000 0 1.2448400000 6.2024800000 -1 -1 -1 -1 -1 -1 1.7631800000 6.1964700000 1.5579600000 5.8398200000 0.9460770000 5.8229300000 0.7306310000 6.2594000000 0.9410460000 6.5573800000 1.5019000000 6.5963000000
77 1 7 1.0514700000 0 5.2268100000 6.4272700000 -1 -1 -1 -1 -1 -1 -1 4.7955200000 6.8590900000 5.3107300000 7.0449300000 5.7660100000 6.7397800000 5.8013900000 6.1696000000 5.3922800000 5.8387900000 4.8386600000 5.9465500000 4.6036500000 6.3603000000
78 1 6 1.3863000000 0 9.7742200000 6.4477400000 -1 -1 -1 -1 -1 -1 10.2577000000 6.9786700000 10.4817000000 6.2743400000 9.9870300000 5.7314200000 9.2218900000 5.9755800000 9.0601100000 6.6117000000 9.6496300000 7.1772800000
79 1 5 0.4333490000 0 6.8408700000 6.4729000000 -1 -1 -1 -1 -1 6.5132400000 6.8139000000 6.8978000000 6.9008300000 7.2680600000 6.3232500000 7.0599700000 6.0551100000 6.5050100000 6.2621400000
80 1 6 0.5581230000 0 6.1532100000 6.5045800000 -1 -1 -1 -1 -1 -1 6.5132400000 6.8139000000 6.5050100000 6.2621400000 6.2305700000 6.0241500000 5.8013900000 6.1696000000 5.7660100000 6.7397800000 6.2562500000 6.9999100000
81 1 6 0.5968650000 0 11.4013000000 6.5065800000 -1 -1 -1 -1 -1 -1 10.9697000000 6.3152400000 11.0577000000 6.8621100000 11.3008000000 6.9915500000 11.8387000000 6.7013800000 11.8422000000 6.2805600000 11.3347000000 6.0196500000
82 1 6 0.5488630000 0 3.5954100000 6.5232300000 -1 -1 -1 -1 -1 -1 3.7241100000 6.0942200000 3.2527700000 6.2007100000 3.1262900000 6.5309300000 3.4981600000 6.9755900000 3.9163800000 6.8698600000 4.0386800000 6.4135000000
83 1 7 1.0310300000 0 12.4504000000 6.5670400000 -1 -1 -1 -1 -1 -1 -1 13.0838000000 6.6889400000 12.9134000000 6.2013700000 12.2677000000 5.9823900000 11.8422000000 6.2805600000 11.8387000000 6.7013800000 12.4036000000 7.1507900000 12.8877000000 7.0428100000
84 1 5 1.1190500000 0 8.1355500000 6.6790400000 -1 -1 -1 -1 -1 7.6133500000 7.0818400000 8.3709400000 7.3402000000 8.8255900000 6.6496100000 8.2455700000 5.9856100000 7.5296200000 6.3700000000
85 1 5 0.4932040000 0 10.6640000000 6.7025200000 -1 -1 -1 -1 -1 10.9697000000 6.3152400000 10.4817000000 6.2743400000 10.2577000000 6.9786700000 10.5081000000 7.1743900000 11.0577000000 6.8621100000
86 1 5 0.4313030000 0 0.5342070000 6.7099700000 -1 -1 -1 -1 -1 0.2011710000 6.4928000000 0.2862480000 7.1433200000 0.5251630000 7.2042900000 0.9410460000 6.5573800000 0.7306310000 6.2594000000
87 1 5 0.4874010000 0 4.3521200000 6.7379900000 -1 -1 -1 -1 -1 4.3829500000 7.1859400000 4.7955200000 6.8590900000 4.6036500000 6.3603000000 4.0386800000 6.4135000000 3.9163800000 6.8698600000
88 1 5 0.4419530000 0 7.2955700000 6.8120700000 -1 -1 -1 -1 -1 7.6133500000 7.0818400000 7.5296200000 6.3700000000 7.2680600000 6.3232500000 6.8978000000 6.9008300000 7.1769700000 7.2807500000
89 1 7 1.2077700000 0 2.0830900000 6.8225300000 -1 -1 -1 -1 -1 -1 -1 2.3510000000 6.1686200000 1.7631800000 6.1964700000 1.5019000000 6.5963000000 1.7481900000 7.5272800000 1.8846600000 7.5911700000 2.4991100000 7.3050800000 2.6965500000 6.6097800000
90 1 5 0.4443710000 0 -0.0481384000 6.8427500000 -1 -1 -1 -1 -1 -0.0279779000 7.3201000000 0.2862480000 7.1433200000 0.2011710000 6.4928000000 -0.2230930000 6.4087200000 -0.4535170000 6.8650200000
91 1 6 0.7239140000 0 2.9821000000 7.0672900000 -1 -1 -1 -1 -1 -1 2.7450200000 7.5615400000 3.2602700000 7.5066700000 3.4981600000 6.9755900000 3.1262900000 6.5309300000 2.6965500000 6.6097800000 2.4991100000 7.3050800000
92 1 6 0.5785750000 0 5.8066700000 7.1872700000 -1 -1 -1 -1 -1 -1 5.3107300000 7.0449300000 5.3532800000 7.3801100000 5.8956600000 7.6205100000 6.2653100000 7.3919900000 6.2562500000 6.9999100000 5.7660100000 6.7397800000
93 1 5 1.0588500000 0 1.1566700000 7.1893500000 -1 -1 -1 -1 -1 1.5019000000 6.5963000000 0.9410460000 6.5573800000 0.5251630000 7.2042900000 1.0008600000 7.8856100000 1.7481900000 7.5272800000
94 1 7 0.6271040000 0 6.7090900000 7.2851200000 -1 -1 -1 -1 -1 -1 -1 6.5132400000 6.8139000000 6.2562500000 6.9999100000 6.2653100000 7.3919900000 6.7767000000 7.7848200000 7.0700500000 7.7038500000 7.1769700000 7.2807500000 6.8978000000 6.9008300000
95 1 7 1.1152600000 0 9.0211800000 7.3044700000 -1 -1 -1 -1 -1 -1 -1 8.8255900000 6.6496100000 8.3709400000 7.3402000000 8.4767600000 7.6812700000 9.0648200000 7.9241800000 9.5788300000 7.6642800000 9.6496300000 7.1772800000 9.0601100000 6.6117000000
96 1 6 0.6268880000 0 4.8475700000 7.3223400000 -1 -1 -1 -1 -1 -1 4.8359000000 7.8021400000 5.3532800000 7.3801100000 5.3107300000 7.0449300000 4.7955200000 6.8590900000 4.3829500000 7.1859400000 4.4340500000 7.6567500000
97 1 6 0.9667500000 0 11.8299000000 7.3343700000 -1 -1 -1 -1 -1 -1 12.2402000000 7.8241100000 12.4036000000 7.1507900000 11.8387000000 6.7013800000 11.3008000000 6.9915500000 11.3003000000 7.5604100000 11.8389000000 7.9503800000
98 1 6 0.5554950000 0 10.9259000000 7.3365900000 -1 -1 -1 -1 -1 -1 10.4909000000 7.5772700000 10.9512000000 7.7990600000 11.3003000000 7.5604100000 11.3008000000 6.9915500000 11.0577000000 6.8621100000 10.5081000000 7.1743900000
99 1 6 0.5910360000 0 10.0460000000 7.4192300000 -1 -1 -1 -1 -1 -1 10.4909000000 7.5772700000 10.5081000000 7.1743900000 10.2577000000 6.9786700000 9.6496300000 7.1772800000 9.5788300000 7.6642800000 9.8934900000 7.8859000000
100 1 7 0.9919450000 0 3.8530200000 7.4671000000 -1 -1 -1 -1 -1 -1 -1 3.9163800000 6.8698600000 3.4981600000 6.9755900000 3.2602700000 7.5066700000 3.4427300000 7.9176200000 3.9777500000 8.0618000000 4.4340500000 7.6567500000 4.3829500000 7.1859400000
101 1 7 1.0707500000 0 7.7638900000 7.6278400000 -1 -1 -1 -1 -1 -1 -1 8.3709400000 7.3402000000 7.6133500000 7.0818400000 7.1769700000 7.2807500000 7.0700500000 7.7038500000 7.5541500000 8.1690700000 8.1921400000 8.0691400000 8.4767600000 7.6812700000
102 1 6 0.9255530000 0 12.7885000000 7.6446100000 -1 -1 -1 -1 -1 -1 12.2402000000 7.8241100000 12.6762000000 8.2428500000 13.2270000000 8.0723000000 13.3437000000 7.5241700000 12.8877000000 7.0428100000 12.4036000000 7.1507900000
103 1 5 0.4732230000 0 2.3163200000 7.7316300000 -1 -1 -1 -1 -1 2.4991100000 7.3050800000 1.8846600000 7.5911700000 1.9796800000 8.0763300000 2.5652800000 8.0721700000 2.7450200000 7.5615400000
104 1 7 0.9329570000 0 0.4109440000 7.7746600000 -1 -1 -1 -1 -1 -1 -1 0.5251630000 7.2042900000 0.2862480000 7.1433200000 -0.0279779000 7.3201000000 -0.1484720000 7.8448400000 0.3413620000 8.3702400000 0.9100530000 8.2262800000 1.0008600000 7.8856100000
105 1 6 0.5255990000 0 6.2889800000 7.8574100000 -1 -1 -1 -1 -1 -1 6.7767000000 7.7848200000 6.2653100000 7.3919900000 5.8956600000 7.6205100000 5.9597600000 8.2148300000 6.1367600000 8.2907900000 6.6866200000 8.0715000000
106 1 5 0.4690450000 0 2.9894600000 7.8887700000 -1 -1 -1 -1 -1 2.9068500000 8.3494100000 3.4427300000 7.9176200000 3.2602700000 7.5066700000 2.7450200000 7.5615400000 2.5652800000 8.0721700000
107 1 5 0.4638840000 0 11.3825000000 7.9937300000 -1 -1 -1 -1 -1 10.9512000000 7.7990600000 11.1336000000 8.3442600000 11.7418000000 8.2977100000 11.8389000000 7.9503800000 11.3003000000 7.5604100000
108 1 7 0.6251560000 0 1.4781000000 8.0047700000 -1 -1 -1 -1 -1 -1 -1 1.7247500000 8.3464200000 1.9796800000 8.0763300000 1.8846600000 7.5911700000 1.7481900000 7.5272800000 1.0008600000 7.8856100000 0.9100530000 8.2262800000 1.0604000000 8.3656200000
109 1 6 1.0122500000 0 5.4013300000 8.0252800000 -1 -1 -1 -1 -1 -1 5.4120500000 8.6749700000 5.9597600000 8.2148300000 5.8956600000 7.6205100000 5.3532800000 7.3801100000 4.8359000000 7.8021400000 5.0023300000 8.5516500000
110 1 5 0.4841990000 0 8.6436600000 8.1094900000 -1 -1 -1 -1 -1 9.0036800000 8.4074000000 9.0648200000 7.9241800000 8.4767600000 7.6812700000 8.1921400000 8.0691400000 8.4352700000 8.4888000000
111 1 6 0.5972670000 0 9.4479300000 8.1483000000 -1 -1 -1 -1 -1 -1 9.0648200000 7.9241800000 9.0036800000 8.4074000000 9.2521100000 8.6211700000 9.8257700000 8.4016200000 9.8934900000 7.8859000000 9.5788300000 7.6642800000
112 1 7 0.6194110000 0 7.1154500000 8.2351000000 -1 -1 -1 -1 -1 -1 -1 7.5541500000 8.1690700000 7.0700500000 7.7038500000 6.7767000000 7.7848200000 6.6866200000 8.0715000000 6.8822300000 8.6083100000 7.1907800000 8.7669400000 7.5152500000 8.5548700000
113 1 7 1.2271900000 0 10.4834000000 8.2509800000 -1 -1 -1 -1 -1 -1 -1 10.8800000000 8.8206400000 11.1336000000 8.3442600000 10.9512000000 7.7990600000 10.4909000000 7.5772700000 9.8934900000 7.8859000000 9.8257700000 8.4016200000 10.3621000000 8.9072000000
114 1 6 0.5628870000 0 12.2056000000 8.2816300000 -1 -1 -1 -1 -1 -1 12.6762000000 8.2428500000 12.2402000000 7.8241100000 11.8389000000 7.9503800000 11.7418000000 8.2977100000 12.1058000000 8.7230100000 12.5752000000 8.6189800000
115 1 6 0.9311040000 0 4.4949300000 8.3202400000 -1 -1 -1 -1 -1 -1 4.4340500000 7.6567500000 3.9777500000 8.0618000000 4.1969000000 8.8935900000 4.5642800000 8.9881700000 5.0023300000 8.5516500000 4.8359000000 7.8021400000
116 1 5 0.4696640000 0 7.9686200000 8.4229800000 -1 -1 -1 -1 -1 7.5541500000 8.1690700000 7.5152500000 8.5548700000 8.1616400000 8.8290100000 8.4352700000 8.4888000000 8.1921400000 8.0691400000
117 1 7 1.0939600000 0 -0.3661100000 8.4261500000 -1 -1 -1 -1 -1 -1 -1 -1.0275400000 8.4409100000 -0.7336020000 8.9604500000 -0.3636840000 9.0106200000 0.2510290000 8.6589500000 0.3413620000 8.3702400000 -0.1484720000 7.8448400000 -0.8023300000 7.9649700000
118 1 4 0.3233770000 0 6.5028500000 8.4335800000 -1 -1 -1 -1 6.2737300000 8.7632100000 6.8822300000 8.6083100000 6.6866200000 8.0715000000 6.1367600000 8.2907900000
119 1 4 0.3742410000 0 1.4041400000 8.6492400000 -1 -1 -1 -1 1.0604000000 8.3656200000 1.1289600000 8.9736800000 1.7109600000 8.9369900000 1.7247500000 8.3464200000
120 1 6 1.3560400000 0 3.5339100000 8.6511400000 -1 -1 -1 -1 -1 -1 2.9938800000 9.1539100000 3.6858500000 9.3861500000 4.1969000000 8.8935900000 3.9777500000 8.0618000000 3.4427300000 7.9176200000 2.9068500000 8.3494100000
121 1 6 0.5018990000 0 5.8639100000 8.7006700000 -1 -1 -1 -1 -1 -1 5.9699200000 9.1274000000 6.2737300000 8.7632100000 6.1367600000 8.2907900000 5.9597600000 8.2148300000 5.4120500000 8.6749700000 5.5019200000 9.0080200000
122 1 8 0.6751210000 0 0.7149760000 8.7364700000 -1 -1 -1 -1 -1 -1 -1 -1 0.2510290000 8.6589500000 0.4628480000 9.1584900000 0.6370730000 9.2606200000 1.0311700000 9.1482200000 1.1289600000 8.9736800000 1.0604000000 8.3656200000 0.9100530000 8.2262800000 0.3413620000 8.3702400000
123 1 8 1.4691900000 0 2.3485900000 8.7544300000 -1 -1 -1 -1 -1 -1 -1 -1 2.0259900000 9.3899600000 2.6837900000 9.4675700000 2.9938800000 9.1539100000 2.9068500000 8.3494100000 2.5652800000 8.0721700000 1.9796800000 8.0763300000 1.7247500000 8.3464200000 1.7109600000 8.9369900000
124 1 6 0.8954200000 0 11.4986000000 8.7976900000 -1 -1 -1 -1 -1 -1 12.1058000000 8.7230100000 11.7418000000 8.2977100000 11.1336000000 8.3442600000 10.8800000000 8.8206400000 11.2377000000 9.3105300000 11.9315000000 9.2104000000
125 1 7 0.9334650000 0 8.7380100000 8.9523300000 -1 -1 -1 -1 -1 -1 -1 8.4352700000 8.4888000000 8.1616400000 8.8290100000 8.2368500000 9.2789800000 8.8449700000 9.5464400000 9.1967300000 9.3198000000 9.2521100000 8.6211700000 9.0036800000 8.4074000000
126 1 6 0.5621660000 0 5.0419900000 9.0075000000 -1 -1 -1 -1 -1 -1 5.0023300000 8.5516500000 4.5642800000 8.9881700000 4.6870300000 9.3713000000 5.1953800000 9.4197700000 5.5019200000 9.0080200000 5.4120500000 8.6749700000
127 1 6 0.9767710000 0 9.7411500000 9.0134800000 -1 -1 -1 -1 -1 -1 9.2521100000 8.6211700000 9.1967300000 9.3198000000 9.6472100000 9.6003900000 10.2367000000 9.3666800000 10.3621000000 8.9072000000 9.8257700000 8.4016200000
128 1 4 0.3380880000 0 0.0588400000 9.0511400000 -1 -1 -1 -1 0.4628480000 9.1584900000 0.2510290000 8.6589500000 -0.3636840000 9.0106200000 -0.1475820000 9.4057200000
129 1 6 0.7330730000 0 7.6960600000 9.0612400000 -1 -1 -1 -1 -1 -1 7.2779500000 9.3428700000 7.7601900000 9.5715600000 8.2368500000 9.2789800000 8.1616400000 8.8290100000 7.5152500000 8.5548700000 7.1907800000 8.7669400000
130 1 6 0.5910930000 0 12.4050000000 9.0680900000 -1 -1 -1 -1 -1 -1 11.9315000000 9.2104000000 12.1686000000 9.4983200000 12.7285000000 9.4044600000 12.8811000000 8.9354100000 12.5752000000 8.6189800000 12.1058000000 8.7230100000
131 1 6 0.5721630000 0 10.7150000000 9.2405800000 -1 -1 -1 -1 -1 -1 11.2377000000 9.3105300000 10.8800000000 8.8206400000 10.3621000000 8.9072000000 10.2367000000 9.3666800000 10.4604000000 9.6171800000 11.1415000000 9.5329800000
132 1 8 1.2982200000 0 6.6201100000 9.2702600000 -1 -1 -1 -1 -1 -1 -1 -1 7.1907800000 8.7669400000 6.8822300000 8.6083100000 6.2737300000 8.7632100000 5.9699200000 9.1274000000 6.0165800000 9.6673600000 6.3528200000 9.9369400000 6.8972200000 9.8436000000 7.2779500000 9.3428700000
133 1 6 0.5162540000 0 1.5285300000 9.2965500000 -1 -1 -1 -1 -1 -1 1.7109600000 8.9369900000 1.1289600000 8.9736800000 1.0311700000 9.1482200000 1.3160100000 9.6214500000 1.7939800000 9.6883400000 2.0259900000 9.3899600000
134 1 6 0.6043510000 0 4.1975500000 9.3677700000 -1 -1 -1 -1 -1 -1 4.2793500000 9.8273600000 4.6870300000 9.3713000000 4.5642800000 8.9881700000 4.1969000000 8.8935900000 3.6858500000 9.3861500000 3.7476500000 9.6738100000
135 1 5 0.4678690000 0 5.6435500000 9.4225600000 -1 -1 -1 -1 -1 5.9699200000 9.1274000000 5.5019200000 9.0080200000 5.1953800000 9.4197700000 5.5436200000 9.8591300000 6.0165800000 9.6673600000
136 1 6 0.5949870000 0 3.2077900000 9.5805200000 -1 -1 -1 -1 -1 -1 2.9938800000 9.1539100000 2.6837900000 9.4675700000 2.8289000000 9.8520000000 3.3437500000 10.0009000000 3.7476500000 9.6738100000 3.6858500000 9.3861500000
137 1 6 0.5787440000 0 11.6706000000 9.5931200000 -1 -1 -1 -1 -1 -1 11.1415000000 9.5329800000 11.4903000000 10.0046000000 11.9955000000 9.9405200000 12.1686000000 9.4983200000 11.9315000000 9.2104000000 11.2377000000 9.3105300000
138 1 5 0.4447410000 0 0.9273750000 9.6091200000 -1 -1 -1 -1 -1 1.0254500000 10.0645000000 1.3160100000 9.6214500000 1.0311700000 9.1482200000 0.6370730000 9.2606200000 0.6528610000 9.9764600000
139 1 6 0.7131570000 0 0.2342960000 9.6942500000 -1 -1 -1 -1 -1 -1 0.4628480000 9.1584900000 -0.1475820000 9.4057200000 -0.2927980000 9.8336300000 0.1451700000 10.2504000000 0.6528610000 9.9764600000 0.6370730000 9.2606200000
140 1 5 0.4409100000 0 7.3468600000 9.7701600000 -1 -1 -1 -1 -1 7.7601900000 9.5715600000 7.2779500000 9.3428700000 6.8972200000 9.8436000000 7.1065000000 10.1277000000 7.6444100000 10.0543000000
141 1 5 0.4771720000 0 10.0211000000 9.8025000000 -1 -1 -1 -1 -1 10.1328000000 10.2398000000 10.4604000000 9.6171800000 10.2367000000 9.3666800000 9.6472100000 9.6003900000 9.6780400000 10.1406000000
142 1 6 0.5732600000 0 9.2797400000 9.8144500000 -1 -1 -1 -1 -1 -1 9.1967300000 9.3198000000 8.8449700000 9.5464400000 8.9491700000 10.0910000000 9.4660700000 10.2939000000 9.6780400000 10.1406000000 9.6472100000 9.6003900000
143 1 7 0.7345970000 0 2.2900800000 9.8477700000 -1 -1 -1 -1 -1 -1 -1 1.8671200000 10.1532000000 2.1497400000 10.3434000000 2.5892700000 10.2369000000 2.8289000000 9.8520000000 2.6837900000 9.4675700000 2.0259900000 9.3899600000 1.7939800000 9.6883400000
144 1 8 1.2522200000 0 8.2923300000 9.9605200000 -1 -1 -1 -1 -1 -1 -1 -1 8.9491700000 10.0910000000 8.8449700000 9.5464400000 8.2368500000 9.2789800000 7.7601900000 9.5715600000 7.6444100000 10.0543000000 7.8155200000 10.4283000000 8.1784700000 10.6109000000 8.6479100000 10.5024000000
145 1 5 0.4429760000 0 1.4642400000 9.9961700000 -1 -1 -1 -1 -1 1.7939800000 9.6883400000 1.3160100000 9.6214500000 1.0254500000 10.0645000000 1.3017500000 10.4144000000 1.8671200000 10.1532000000
146 1 7 1.2168400000 0 4.9239900000 10.0196000000 -1 -1 -1 -1 -1 -1 -1 5.4829400000 10.3808000000 5.5436200000 9.8591300000 5.1953800000 9.4197700000 4.6870300000 9.3713000000 4.2793500000 9.8273600000 4.4839100000 10.5286000000 5.0105800000 10.6963000000
147 1 6 1.0039600000 0 10.8156000000 10.0656000000 -1 -1 -1 -1 -1 -1 10.1328000000 10.2398000000 10.2871000000 10.5275000000 11.2794000000 10.4806000000 11.4903000000 10.0046000000 11.1415000000 9.5329800000 10.4604000000 9.6171800000
148 1 6 0.5420400000 0 5.9012500000 10.1151000000 -1 -1 -1 -1 -1 -1 5.4829400000 10.3808000000 5.7877800000 10.5606000000 6.2644200000 10.3416000000 6.3528200000 9.9369400000 6.0165800000 9.6673600000 5.5436200000 9.8591300000
149 1 6 0.5143350000 0 6.6936800000 10.2516000000 -1 -1 -1 -1 -1 -1 6.9836400000 10.5955000000 7.1065000000 10.1277000000 6.8972200000 9.8436000000 6.3528200000 9.9369400000 6.2644200000 10.3416000000 6.6295100000 10.6999000000
150 1 5 0.4699920000 0 3.0068700000 10.2897000000 -1 -1 -1 -1 -1 2.8289000000 9.8520000000 2.5892700000 10.2369000000 2.9161000000 10.7324000000 3.3009700000 10.6708000000 3.3437500000 10.0009000000
151 1 7 1.1373000000 0 3.8625400000 10.3393000000 -1 -1 -1 -1 -1 -1 -1 3.5518200000 10.9292000000 4.1834600000 10.8931000000 4.4839100000 10.5286000000 4.2793500000 9.8273600000 3.7476500000 9.6738100000 3.3437500000 10.0009000000 3.3009700000 10.6708000000
152 1 6 0.5981400000 0 11.7573000000 10.3812000000 -1 -1 -1 -1 -1 -1 11.4903000000 10.0046000000 11.2794000000 10.4806000000 11.5792000000 10.8486000000 12.0287000000 10.7545000000 12.2220000000 10.2292000000 11.9955000000 9.9405200000
153 1 5 0.4169660000 0 7.3855400000 10.4071000000 -1 -1 -1 -1 -1 6.9836400000 10.5955000000 7.3769400000 10.8189000000 7.8155200000 10.4283000000 7.6444100000 10.0543000000 7.1065000000 10.1277000000
154 1 5 0.4762920000 0 9.0811500000 10.5322000000 -1 -1 -1 -1 -1 8.9491700000 10.0910000000 8.6479100000 10.5024000000 8.9075700000 10.9302000000 9.3761400000 10.8881000000 9.4660700000 10.2939000000
155 1 8 1.0017000000 0 0.6926070000 10.5419000000 -1 -1 -1 -1 -1 -1 -1 -1 0.6528610000 9.9764600000 0.1451700000 10.2504000000 0.0648174000 10.6024000000 0.4233870000 11.0722000000 0.8710940000 11.0945000000 1.2806100000 10.7134000000 1.3017500000 10.4144000000 1.0254500000 10.0645000000
156 1 6 0.5195130000 0 1.7493400000 10.5807000000 -1 -1 -1 -1 -1 -1 1.2806100000 10.7134000000 1.8050900000 11.0148000000 2.1155300000 10.8440000000 2.1497400000 10.3434000000 1.8671200000 10.1532000000 1.3017500000 10.4144000000
157 1 7 0.6589900000 0 9.7974200000 10.6363000000 -1 -1 -1 -1 -1 -1 -1 9.5573500000 11.1333000000 9.9618400000 11.1120000000 10.2871000000 10.5275000000 10.1328000000 10.2398000000 9.6780400000 10.1406000000 9.4660700000 10.2939000000 9.3761400000 10.8881000000
158 1 5 0.4468980000 0 2.4842000000 10.6493000000 -1 -1 -1 -1 -1 2.9161000000 10.7324000000 2.5892700000 10.2369000000 2.1497400000 10.3434000000 2.1155300000 10.8440000000 2.6522500000 11.0743000000
159 1 5 0.4854480000 0 6.1828400000 10.7793000000 -1 -1 -1 -1 -1 5.7877800000 10.5606000000 5.8434500000 11.0792000000 6.3843800000 11.1889000000 6.6295100000 10.6999000000 6.2644200000 10.3416000000
160 1 5 0.4404150000 0 7.7989100000 10.8542000000 -1 -1 -1 -1 -1 7.8155200000 10.4283000000 7.3769400000 10.8189000000 7.5113900000 11.2269000000 8.1109900000 11.1289000000 8.1784700000 10.6109000000
161 1 6 0.5563630000 0 5.4461000000 10.8655000000 -1 -1 -1 -1 -1 -1 5.7877800000 10.5606000000 5.4829400000 10.3808000000 5.0105800000 10.6963000000 5.0903200000 11.1636000000 5.5706500000 11.3254000000 5.8434500000 11.0792000000
162 1 5 0.4521520000 0 8.4846500000 10.9133000000 -1 -1 -1 -1 -1 8.5746000000 11.3598000000 8.9075700000 10.9302000000 8.6479100000 10.5024000000 8.1784700000 10.6109000000 8.1109900000 11.1289000000
163 1 6 0.5781680000 0 4.6470300000 10.9920000000 -1 -1 -1 -1 -1 -1 4.7630600000 11.4502000000 5.0903200000 11.1636000000 5.0105800000 10.6963000000 4.4839100000 10.5286000000 4.1834600000 10.8931000000 4.3360200000 11.3217000000
164 1 7 1.4487500000 0 10.7843000000 11.0489000000 -1 -1 -1 -1 -1 -1 -1 10.2871000000 10.5275000000 9.9618400000 11.1120000000 10.2354000000 11.5548000000 10.8825000000 11.6738000000 11.4409000000 11.3763000000 11.5792000000 10.8486000000 11.2794000000 10.4806000000
165 1 5 0.4781320000 0 1.3503000000 11.1379000000 -1 -1 -1 -1 -1 1.8050900000 11.0148000000 1.2806100000 10.7134000000 0.8710940000 11.0945000000 1.1094300000 11.5167000000 1.7740600000 11.3530000000
166 1 7 0.6322810000 0 3.1088200000 11.1464000000 -1 -1 -1 -1 -1 -1 -1 3.4638300000 11.4368000000 3.5518200000 10.9292000000 3.3009700000 10.6708000000 2.9161000000 10.7324000000 2.6522500000 11.0743000000 2.7159400000 11.4567000000 3.1145100000 11.6456000000
167 1 7 0.8549610000 0 6.9449900000 11.1498000000 -1 -1 -1 -1 -1 -1 -1 7.3769400000 10.8189000000 6.9836400000 10.5955000000 6.6295100000 10.6999000000 6.3843800000 11.1889000000 6.5380500000 11.5628000000 7.1682200000 11.6791000000 7.5113900000 11.2269000000
168 1 5 0.4859820000 0 3.8863700000 11.2452000000 -1 -1 -1 -1 -1 3.5518200000 10.9292000000 3.4638300000 11.4368000000 3.9319800000 11.6767000000 4.3360200000 11.3217000000 4.1834600000 10.8931000000
169 1 6 0.5464920000 0 2.2423200000 11.2650000000 -1 -1 -1 -1 -1 -1 1.8050900000 11.0148000000 1.7740600000 11.3530000000 2.3104100000 11.7177000000 2.7159400000 11.4567000000 2.6522500000 11.0743000000 2.1155300000 10.8440000000
170 1 6 0.5713000000 0 9.0584100000 11.3089000000 -1 -1 -1 -1 -1 -1 9.3761400000 10.8881000000 8.9075700000 10.9302000000 8.5746000000 11.3598000000 8.6949500000 11.6923000000 9.2009000000 11.7346000000 9.5573500000 11.1333000000
171 1 6 0.5573670000 0 6.0428000000 11.4816000000 -1 -1 -1 -1 -1 -1 6.3843800000 11.1889000000 5.8434500000 11.0792000000 5.5706500000 11.3254000000 5.6636600000 11.7460000000 6.2256100000 11.9046000000 6.5380500000 11.5628000000
172 1 6 0.5698770000 0 5.2069600000 11.6150000000 -1 -1 -1 -1 -1 -1 4.7630600000 11.4502000000 4.8482700000 11.9118000000 5.3036500000 12.0734000000 5.6636600000 11.7460000000 5.5706500000 11.3254000000 5.0903200000 11.1636000000
173 1 7 0.8229230000 0 9.7276200000 11.6796000000 -1 -1 -1 -1 -1 -1 -1 9.3682400000 12.1486000000 9.7735500000 12.2459000000 10.0943000000 12.0248000000 10.2354000000 11.5548000000 9.9618400000 11.1120000000 9.5573500000 11.1333000000 9.2009000000 11.7346000000
174 1 8 1.2667300000 0 7.9297000000 11.7016000000 -1 -1 -1 -1 -1 -1 -1 -1 7.8912900000 12.2966000000 8.4800700000 12.0683000000 8.6949500000 11.6923000000 8.5746000000 11.3598000000 8.1109900000 11.1289000000 7.5113900000 11.2269000000 7.1682200000 11.6791000000 7.2673600000 12.0564000000
175 1 6 0.5479470000 0 4.4017900000 11.7570000000 -1 -1 -1 -1 -1 -1 4.7630600000 11.4502000000 4.3360200000 11.3217000000 3.9319800000 11.6767000000 3.9795100000 11.9859000000 4.4723000000 12.1939000000 4.8482700000 11.9118000000
176 1 7 0.9857150000 0 1.6627400000 11.8629000000 -1 -1 -1 -1 -1 -1 -1 0.9399600000 11.8625000000 1.0960300000 12.1435000000 1.9586400000 12.3651000000 2.3186900000 12.1224000000 2.3104100000 11.7177000000 1.7740600000 11.3530000000 1.1094300000 11.5167000000
177 1 6 0.5718330000 0 3.5185900000 11.9034000000 -1 -1 -1 -1 -1 -1 3.9319800000 11.6767000000 3.4638300000 11.4368000000 3.1145100000 11.6456000000 3.1725400000 12.2498000000 3.5746300000 12.3760000000 3.9795100000 11.9859000000
178 1 5 0.4285960000 0 10.5154000000 11.9094000000 -1 -1 -1 -1 -1 10.9272000000 12.0517000000 10.8825000000 11.6738000000 10.2354000000 11.5548000000 10.0943000000 12.0248000000 10.5018000000 12.3053000000
179 1 6 0.6029420000 0 2.7566600000 11.9397000000 -1 -1 -1 -1 -1 -1 2.3104100000 11.7177000000 2.3186900000 12.1224000000 2.9056300000 12.4334000000 3.1725400000 12.2498000000 3.1145100000 11.6456000000 2.7159400000 11.4567000000
180 1 6 0.5940870000 0 6.7430700000 11.9630000000 -1 -1 -1 -1 -1 -1 6.3042500000 12.2015000000 6.8109500000 12.3962000000 7.2673600000 12.0564000000 7.1682200000 11.6791000000 6.5380500000 11.5628000000 6.2256100000 11.9046000000
181 1 6 0.5762460000 0 8.9100900000 12.1326000000 -1 -1 -1 -1 -1 -1 9.3682400000 12.1486000000 9.2009000000 11.7346000000 8.6949500000 11.6923000000 8.4800700000 12.0683000000 8.7087200000 12.6084000000 8.9267000000 12.6650000000
182 1 6 0.5784520000 0 5.7976000000 12.1652000000 -1 -1 -1 -1 -1 -1 6.2256100000 11.9046000000 5.6636600000 11.7460000000 5.3036500000 12.0734000000 5.3841700000 12.4489000000 5.9629300000 12.5795000000 6.3042500000 12.2015000000
183 1 6 0.5910850000 0 4.8998300000 12.3662000000 -1 -1 -1 -1 -1 -1 4.4730700000 12.6203000000 4.8766400000 12.8544000000 5.3841700000 12.4489000000 5.3036500000 12.0734000000 4.8482700000 11.9118000000 4.4723000000 12.1939000000
184 1 5 0.4996290000 0 4.0520300000 12.4089000000 -1 -1 -1 -1 -1 3.8040600000 12.8168000000 4.4730700000 12.6203000000 4.4723000000 12.1939000000 3.9795100000 11.9859000000 3.5746300000 12.3760000000
185 1 4 0.3821860000 0 8.3003300000 12.4624000000 -1 -1 -1 -1 7.8912900000 12.2966000000 8.1327500000 12.8709000000 8.7087200000 12.6084000000 8.4800700000 12.0683000000
186 1 5 0.4355960000 0 10.1662000000 12.4845000000 -1 -1 -1 -1 -1 9.7735500000 12.2459000000 10.0709000000 12.9463000000 10.4204000000 12.8877000000 10.5018000000 12.3053000000 10.0943000000 12.0248000000
187 1 5 0.5093930000 0 6.4222000000 12.6452000000 -1 -1 -1 -1 -1 6.2523500000 13.0778000000 6.7744900000 12.9513000000 6.8109500000 12.3962000000 6.3042500000 12.2015000000 5.9629300000 12.5795000000
188 1 6 0.7999830000 0 2.3954000000 12.6871000000 -1 -1 -1 -1 -1 -1 2.3186900000 12.1224000000 1.9586400000 12.3651000000 1.9410600000 13.0219000000 2.1938500000 13.2364000000 2.8776000000 12.9801000000 2.9056300000 12.4334000000
189 1 7 1.3101000000 0 7.4295800000 12.7506000000 -1 -1 -1 -1 -1 -1 -1 7.8912900000 12.2966000000 7.2673600000 12.0564000000 6.8109500000 12.3962000000 6.7744900000 12.9513000000 7.2208400000 13.3895000000 7.9667000000 13.2635000000 8.1327500000 12.8709000000
190 1 7 0.6840110000 0 3.3111500000 12.7645000000 -1 -1 -1 -1 -1 -1 -1 3.2481500000 13.2651000000 3.6509200000 13.1670000000 3.8040600000 12.8168000000 3.5746300000 12.3760000000 3.1725400000 12.2498000000 2.9056300000 12.4334000000 2.8776000000 12.9801000000
191 1 6 0.9193250000 0 9.5118000000 12.7749000000 -1 -1 -1 -1 -1 -1 9.3682400000 12.1486000000 8.9267000000 12.6650000000 9.2344300000 13.3040000000 9.8732400000 13.2987000000 10.0709000000 12.9463000000 9.7735500000 12.2459000000
192 1 7 1.4725600000 0 5.5486600000 13.1744000000 -1 -1 -1 -1 -1 -1 -1 6.2523500000 13.0778000000 5.9629300000 12.5795000000 5.3841700000 12.4489000000 4.8766400000 12.8544000000 4.9306400000 13.5788000000 5.6157100000 13.9230000000 6.0476300000 13.7276000000
193 1 8 1.0890400000 0 8.6072500000 13.2510000000 -1 -1 -1 -1 -1 -1 -1 -1 8.3541400000 13.8641000000 8.5833300000 13.8926000000 9.1135400000 13.5884000000 9.2344300000 13.3040000000 8.9267000000 12.6650000000 8.7087200000 12.6084000000 8.1327500000 12.8709000000 7.9667000000 13.2635000000
194 1 7 1.2182200000 0 4.3275400000 13.2611000000 -1 -1 -1 -1 -1 -1 -1 4.8766400000 12.8544000000 4.4730700000 12.6203000000 3.8040600000 12.8168000000 3.6509200000 13.1670000000 3.9627700000 13.7958000000 4.4000100000 13.9438000000 4.9306400000 13.5788000000
195 1 6 1.0049200000 0 6.6322500000 13.5725000000 -1 -1 -1 -1 -1 -1 6.7744900000 12.9513000000 6.2523500000 13.0778000000 6.0476300000 13.7276000000 6.4550800000 14.1837000000 6.9935000000 14.0935000000 7.2208400000 13.3895000000
